0 1 204146900
1 1 163147500
2 14 1467445400
3 1 114506100
4 1 88933900
5 21 2244873600
6 2 145931600
7 3 147138700
8 3 362150300
9 3 238220800
10 7 787045300
11 8 523350600
12 3 308049800
13 3 272511600
14 2 208322700
15 3 346022000
16 2 187784800
17 2 162152800
18 3 176309300
19 1 75032100
20 1 51190300
21 1 45473300
22 1 32771800
23 0 0
24 0 0
25 0 0
26 0 0
27 1 109082700
28 1 83240500
29 1 54880300
30 2 142763500
31 1 83276900
32 1 59596600
33 1 55088900
34 1 38698000
35 2 222593100
36 2 290251600
37 2 147209900
38 1 42430600
39 1 33373500
40 0 0
41 1 34108000
42 3 233593400
43 1 165936200
44 1 165705100
45 4 379874800
46 1 119210400
47 1 78031200
48 1 39436800
49 1 47505200
50 1 6066400
51 0 0
52 0 0
53 1 52282600
54 1 33089200
55 0 0
56 0 0
57 0 0
58 0 0
59 0 0
60 0 0
61 2 62769600
62 1 36661500
63 1 83102800
64 1 64338100
65 1 40615100
66 4 34429500
67 0 0
68 0 0
69 1 67172400
70 1 41351300
71 1 24675000
72 0 0
73 1 23512300
74 0 0
75 0 0
76 1 92147200
77 1 65990900
78 1 44099200
79 1 25255400
80 1 237851000
81 3 485135700
82 10 1934233300
83 2 314463100
84 1 64265000
85 17 2071464300
86 3 176891300
87 4 97843700
88 1 65802100
89 1 66550700
90 1 48209400
91 1 25474700
92 1 11059800
93 2 229332800
94 2 209752200
95 2 280642800
96 1 93977200
97 2 97911300
98 1 44679500
99 0 0
100 0 0
101 0 0
102 5 45464100
103 0 0
104 0 0
105 1 23867700
106 1 254100
107 1 83447900
108 1 54697400
109 1 60804400
110 2 65100700
111 0 0
112 1 24922500
113 1 11604300
114 1 25100200
115 1 11856400
116 1 46393700
117 2 116395800
118 1 64291900
119 7 367351300
120 17 854957200
121 1 46629400
122 1 24990000
123 2 250641500
124 3 315873800
125 1 64380900
126 1 49106900
127 1 13372900
128 1 64218200
129 5 77347200
130 0 0
131 0 0
132 4 218785600
133 1 50841900
134 0 0
135 1 14157400
136 1 12540400
137 1 14091900
138 1 152550300
139 1 121063800
140 1 73442100
141 2 135489600
142 1 40558000
143 1 29383000
144 1 28988000
145 1 28961400
146 4 487071600
147 2 89501200
148 1 74150900
149 1 58387500
150 1 30126800
151 0 0
152 1 54442900
153 2 46153000
154 1 78921200
155 4 72572800
156 1 31197100
157 1 15403200
158 1 204400
159 0 0
160 4 303578600
161 1 55407200
162 1 60940600
163 1 31410800
164 0 0
165 1 31302500
166 0 0
167 1 132200
168 3 81437100
169 1 55700800
170 1 33081200
171 0 0
172 1 139800
173 0 0
174 1 54832400
175 2 47769400
176 0 0
177 3 100909400
178 0 0
179 4 47720500
180 0 0
181 0 0
182 1 76638600
183 1 92519900
184 1 51247400
185 1 64171000
186 2 48933700
187 0 0
188 0 0
189 0 0
190 1 51294800
191 1 36919300
192 2 251057400
193 9 1820713900
194 4 410926700
195 2 240053900
196 3 238444200
197 2 172315800
198 2 89068900
199 15 1288521100
200 0 0
201 35 3269355300
202 3 322114400
203 2 254468300
204 1 155640200
205 2 111114500
206 2 254137800
207 3 117249500
208 3 168144200
209 10 611144200
210 0 0
211 14 676025900
212 1 52986600
213 3 92538100
214 1 38817900
215 2 52659400
216 2 76891500
217 1 38471700
218 1 38383100
219 1 15412200
220 0 0
221 3 70171800
222 2 30310100
223 2 165071100
224 3 106406500
225 1 39438200
226 0 0
227 0 0
228 0 0
229 2 41399200
230 3 16479200
231 0 0
232 1 64778500
233 2 226249200
234 2 169254000
235 2 128469000
236 1 64460800
237 2 55607300
238 0 0
239 2 113509600
240 2 304836800
241 2 276016600
242 3 364030200
243 4 400048900
244 17 814366600
245 1 187830600
246 3 466665600
247 1 213054100
248 2 317906000
249 6 305966500
250 15 654386400
251 4 127918800
252 0 0
253 17 863747800
254 9 166430500
255 2 249045700
256 1 75196100
257 1 40228400
258 1 19503200
259 0 0
260 1 17111500
261 1 33209200
262 0 0
263 1 14813800
264 13 283230900
265 1 19917400
266 3 288315000
267 1 182579800
268 2 370872800
269 10 1156009600
270 6 328146700
271 1 189851200
272 1 158461400
273 3 219836100
274 4 685754700
275 2 160677500
276 1 120267000
277 0 0
278 2 181409000
279 1 117586700
280 1 78925100
281 5 132181900
282 29 5974579600
283 6 382137500
284 9 1737385000
285 31 1054118400
286 17 1474300600
287 7 320931700
288 8 339806400
289 2 63850200
290 61 4974357700
291 8 250249200
292 1 144357600
293 4 445896300
294 1 164087700
295 1 162073600
296 3 186614200
297 1 124891600
298 12 1072869900
299 2 63720700
300 0 0
301 0 0
302 1 38972100
303 0 0
304 1 156963400
305 2 104864400
306 8 305878700
307 0 0
308 8 599528200
309 8 703856800
310 1 118801400
311 2 146762000
312 63 6392687800
313 1 113885600
314 6 373599900
315 3 215092700
316 1 81590600
317 2 160501300
318 2 146514100
319 48 1800340600
320 16 742624200
321 3 150338700
322 1 43931800
323 5 176710400
324 1 42305700
325 9 379633200
326 2 83980800
327 0 0
328 8 323998000
329 2 24411500
330 0 0
331 2 24357500
332 0 0
333 1 89597700
334 2 213832400
335 2 210072000
336 2 145958800
337 2 214554300
338 1 24935700
339 3 111683300
340 1 114417100
341 4 523320000
342 3 91212700
343 1 90791500
344 0 0
345 0 0
346 2 24062700
347 0 0
348 2 147663700
349 1 50874500
350 0 0
351 0 0
352 3 304317300
353 1 167859900
354 5 306651100
355 3 227737300
356 0 0
357 19 743490600
358 3 116355100
359 1 45544300
360 4 427045300
361 4 392281200
362 3 292389500
363 72 4113732400
364 0 0
365 1 53032600
366 3 51788600
367 8 145833900
368 2 71533700
369 0 0
370 1 36998900
371 3 108749200
372 1 36518100
373 1 136844200
374 2 118901000
375 0 0
376 3 66183100
377 1 22910800
378 2 71805500
379 0 0
380 0 0
381 0 0
382 2 48196400
383 4 236200
384 0 0
385 2 186220600
386 2 116270500
387 3 205790100
388 3 226804100
389 1 165690800
390 2 203615700
391 9 437646000
392 1 50379300
393 0 0
394 2 72855400
395 0 0
396 2 268151900
397 3 288382200
398 5 277788700
399 7 680420400
400 81 4549884000
401 3 467425400
402 7 844011700
403 2 212784500
404 23 2190808700
405 6 577755200
406 10 1027819200
407 1 80883500
408 1 132852100
409 7 393686500
410 11 238551800
411 4 257350900
412 1 49684500
413 4 303844200
414 18 771240100
415 11 155195500
416 5 823406600
417 13 173168400
418 2 148927200
419 0 0
420 1 97690700
421 85 12441796800
422 2 115039500
423 0 0
424 3 209550500
425 1 14356000
426 4 342227300
427 0 0
428 0 0
429 0 0
430 12 747084600
431 3 186972600
432 1 98304200
433 117 2073422100
434 0 0
435 1 51600
436 2 37530700
437 2 345862200
438 13 1413307700
439 5 540322500
440 5 431983100
441 1 100157400
442 6 761541000
443 2 366716500
444 12 1610077800
445 10 876845100
446 11 1707875700
447 88 8724353100
448 3 419798700
449 3 457611900
450 3 386303600
451 7 612073900
452 6 314278500
453 3 404468000
454 12 935340400
455 9 942700
456 1 80144600
457 3 112833600
458 5 198537900
459 0 0
460 5 24677200
461 12 350032400
462 10 222791400
463 4 100218400
464 54 4027514800
465 1 25277100
466 2 224315000
467 1 113755900
468 5 212898400
469 0 0
470 1 42012000
471 2 59874600
472 0 0
473 4 105464700
474 61 1685372800
475 0 0
476 2 204398400
477 2 328660100
478 6 658000000
479 8 267641300
480 0 0
481 4 483162800
482 8 872693000
483 2 270505400
484 5 318850100
485 1 195499500
486 5 339026200
487 2 228640700
488 60 2504697100
489 10 641276000
490 2 343019800
491 2 311024500
492 2 260816000
493 22 1801628400
494 3 412533700
495 2 299950900
496 2 259574200
497 13 1152401700
498 6 322253400
499 11 487589300
500 2 97917800
501 31 1764451300
502 0 0
503 0 0
504 5 415616400
505 1 83039800
506 1 82850600
507 1 48295100
508 53 2773382700
509 2 170737800
510 1 48138400
511 3 216079800
512 2 157573200
513 24 1225251600
514 1 157159500
515 35 504834400
516 6 578706500
517 3 374044500
518 1 78965800
519 0 0
520 0 0
521 6 291492200
522 1 47427400
523 1 132000
524 0 0
525 47 6666741200
526 3 243282200
527 1 155604100
528 10 659797100
529 3 145189100
530 1 121801600
531 6 422089200
532 1 145469900
533 4 124260300
534 3 218494300
535 2 170991600
536 0 0
537 37 3205719500
538 6 611687700
539 6 284080000
540 3 291132000
541 1 156225700
542 63 272556300
543 1 146132200
544 1 144955400
545 1 127106000
546 11 573921100
547 13 543717400
548 0 0
549 1 140884300
550 9 439837800
551 5 413647700
552 3 311325900
553 88 332298100
554 2 216934300
555 3 182512200
556 2 181499900
557 32 1461240100
558 0 0
559 0 0
560 1 71764300
561 37 1843503300
562 5 175695600
563 4 448598900
564 4 508563600
565 8 1149908200
566 67 250762700
567 2 293994000
568 2 232840400
569 1 140996900
570 7 673054500
571 6 736996200
572 10 269935800
573 12 268817200
574 1 178417000
575 2 226148900
576 4 574428600
577 28 2423764700
578 3 267914700
579 3 398439700
580 2 337378400
581 8 786577700
582 4 655498200
583 10 1277065900
584 4 662282900
585 52 669282900
586 7 853641400
587 9 1342625100
588 12 1325777000
589 5 632645200
590 3 487272700
591 2 304713900
592 2 302638900
593 20 1666572000
594 75 1908915500
595 3 276354400
596 1 134063600
597 43 183276200
598 39 1727553800
599 8 617784600
600 1 151695800
601 11 823453500
602 1 143797400
603 9 488883800
604 1 134144200
605 13 961384500
606 1 88033000
607 0 0
608 7 44649600
609 0 0
610 10 902080800
611 0 0
612 1 141836700
613 2 208728600
614 2 253384500
615 1 87167900
616 1 77182300
617 1 43503300
618 12 131105100
619 0 0
620 0 0
621 12 546633000
622 0 0
623 0 0
624 0 0
625 28 1224603200
626 5 226309600
627 1 149415400
628 18 291499700
629 5 574889600
630 1 132255100
631 7 160617500
632 1 112014700
633 7 344186800
634 12 81644700
635 3 38865500
636 1 79713600
637 1 79905100
638 0 0
639 0 0
640 6 757017800
641 4 209694300
642 3 309239900
643 10 568829200
644 4 368959700
645 8 438003100
646 1 111464600
647 19 808391200
648 0 0
649 2 79154900
650 6 238887600
651 0 0
652 0 0
653 4 345828900
654 3 121564300
655 0 0
656 0 0
657 4 234600
658 11 476981200
659 2 299046600
660 2 259223500
661 33 1376918400
662 5 439043400
663 15 1600426400
664 2 226371200
665 14 2586524500
666 5 388744300
667 1 109718300
668 5 319116600
669 14 582262700
670 7 41976900
671 0 0
672 0 0
673 0 0
674 6 501782400
675 1 145373600
676 4 346261100
677 1 144264400
678 2 175641700
679 16 1082573400
680 12 1551312900
681 2 258377700
682 7 498574100
683 2 272859200
684 2 260126900
685 6 432502500
686 5 665785100
687 4 347752700
688 2 254156500
689 5 410339500
690 3 363310800
691 4 261146200
692 2 212111700
693 1 133464800
694 51 435346800
695 1 116800700
696 3 170100700
697 76 4609481100
698 3 260865800
699 2 167427500
700 2 135881200
701 1 138951500
702 3 319784500
703 2 218889500
704 1 108843000
705 6 465022400
706 1 112074500
707 1 108672500
708 2 107460000
709 0 0
710 2 63562600
711 10 360480100
712 0 0
713 0 0
714 7 330896200
715 0 0
716 0 0
717 1 73839500
718 1 143246200
719 5 556960500
720 11 1243885700
721 3 284062000
722 6 678871300
723 11 1422864300
724 4 278553300
725 5 437516000
726 5 283120000
727 3 257810600
728 2 248316100
729 9 971738200
730 4 264371800
731 3 279040600
732 2 200559200
733 3 320396800
734 2 149071800
735 53 2465415900
736 1 114516600
737 16 1735571200
738 11 164239800
739 2 201249300
740 5 355897500
741 5 359724600
742 8 737084000
743 3 363932200
744 4 458351900
745 9 598453100
746 4 448666000
747 4 287573000
748 2 237176700
749 14 1213168300
750 2 212371900
751 3 290086200
752 3 287485900
753 52 2425898600
754 5 493577100
755 5 546997900
756 3 122400100
757 2 137532800
758 8 699291400
759 4 214526600
760 7 574600
761 2 115398200
762 0 0
763 0 0
764 0 0
765 2 134015200
766 5 442707600
767 1 131780400
768 6 398171100
769 2 231772800
770 11 895655300
771 6 367736000
772 1 127078700
773 12 1283484100
774 2 200123800
775 2 161087000
776 2 219757400
777 26 2105043100
778 18 1106098300
779 33 1439905800
780 2 215592800
781 8 628774200
782 2 148920000
783 24 1067753100
784 2 180867000
785 29 461698400
786 1 40350800
787 60 2596119000
788 0 0
789 15 706862100
790 1 76989900
791 1 43761100
792 5 384793900
793 1 43902900
794 1 50049500
795 3 285770100
796 2 160300
797 4 369044000
798 9 88250400
799 0 0
800 1 89288700
801 1 77050900
802 1 76896200
803 2 120329700
804 0 0
805 6 361006500
806 0 0
807 13 1039191100
808 2 121889500
809 14 723182500
810 1 118064300
811 1 117097900
812 10 513686500
813 15 581138600
814 59 6660804700
815 7 540516900
816 1 105018500
817 13 546672500
818 1 105210500
819 4 97027500
820 27 168551800
821 2 151170700
822 7 311634600
823 4 383774100
824 1 86858300
825 20 611314100
826 1 87337900
827 1 86680300
828 40 2995793700
829 20 1295913100
830 4 75132000
831 2 168585400
832 1 124888400
833 71 4600621900
834 3 333479300
835 4 444362500
836 2 193305300
837 115 281354900
838 2 213677100
839 2 204297500
840 3 193420000
841 4 161331400
842 5 465199300
843 3 257428500
844 55 3899136000
845 3 267119500
846 4 364956700
847 5 366602500
848 32 2964279700
849 8 550089700
850 3 248216900
851 4 251889900
852 1 99357300
853 10 599972900
854 1 91561800
855 7 71893400
856 2 39974800
857 0 0
858 0 0
859 0 0
860 3 185314100
861 0 0
862 0 0
863 10 39056900
864 1 104573300
865 7 554349000
866 7 580983900
867 3 190573100
868 2 182477100
869 2 151342100
870 6 523359500
871 3 237358600
872 2 148716700
873 18 933517000
874 2 169907500
875 2 131945700
876 3 204967400
877 5 488084800
878 2 119160200
879 2 107045900
880 1 67984700
881 1 38982100
882 0 0
883 2 133600
884 0 0
885 0 0
886 87 5750166700
887 1 88700700
888 3 184667200
889 2 135791000
890 4 106913400
891 0 0
892 0 0
893 1 38930100
894 3 116798500
895 0 0
896 1 78252800
897 8 584603500
898 14 1241989500
899 4 266211800
900 5 379655900
901 7 499017000
902 12 917349800
903 2 166636500
904 3 138409400
905 1 82475500
906 1 73112000
907 3 334791700
908 3 201784600
909 3 282451100
910 7 667116100
911 5 444528300
912 13 1291091700
913 9 694867000
914 13 802390800
915 4 333035700
916 75 3270719700
917 4 423441200
918 6 405456000
919 4 316457100
920 5 431980600
921 7 566882700
922 4 570159800
923 10 412959400
924 53 2417505800
925 17 1023949200
926 2 159178900
927 5 217336800
928 1 86545100
929 26 1517422000
930 3 110809000
931 0 0
932 0 0
933 2 110570200
934 2 162400
935 0 0
936 3 174300
937 0 0
938 2 66755200
939 1 43775000
940 0 0
941 1 35600
942 10 619285800
943 2 43843600
944 1 66385200
945 5 110461400
946 0 0
947 6 362895100
948 0 0
949 45 2067342700
950 5 433530500
951 5 175927200
952 1 85947900
953 2 152705900
954 1 86435100
955 1 77314200
956 85 389825000
957 2 98121500
958 33 1584446200
959 3 199497100
960 1 69597900
961 103 9407141100
962 13 876426700
963 1 39132700
964 0 0
965 4 252695500
966 1 93741200
967 32 1306794300
968 1 86131600
969 79 8785950800
970 1 78541700
971 13 553261500
972 0 0
973 3 154729200
974 3 190454900
975 115 331940800
976 9 532282300
977 29 1131336100
978 120 9841817000
979 1 83446300
980 1 75673500
981 14 928930600
982 5 490108100
983 7 567919800
984 3 245664300
985 4 338206000
986 29 2043041200
987 7 253522500
988 20 1526056700
989 4 266729800
990 1 78084100
991 1 67586800
992 33 1316697100
993 1 38998000
994 1 59526200
995 0 0
996 0 0
997 2 98570400
998 0 0
999 0 0
