0 21909 65.68973080000058
1 22785 65.68077200000079
2 20436 65.6965532000004
3 21559 65.68306000000047
4 21163 65.69031290000078
5 23033 65.68880220000058
6 21166 65.69496330000038
7 23248 65.67489410000086
8 21736 65.69701690000056
9 24192 65.67085760000093
10 18803 65.69138740000048
11 19984 65.67150110000095
12 19838 65.67985790000095
13 23791 65.64549740000069
14 22593 65.69466950000098
15 23350 65.64343960000099
16 23217 65.64471100000084
17 23111 65.69117460000022
18 23300 65.64078810000036
19 21698 65.68434100000088
20 23366 65.67113380000086
21 20684 65.68195600000064
22 22903 65.68118420000042
23 22073 65.67421970000144
24 24586 65.6825322000005
25 22103 65.66765120000069
26 22260 65.67902830000091
27 21324 65.68007180000076
28 22228 65.67804439999982
29 22382 65.66039670000056
30 23659 65.68153110000063
31 23939 65.65973070000096
32 22658 65.68201550000076
33 22996 65.65790170000108
34 22417 65.68141750000159
35 24456 65.62658160000055
36 20867 65.6788963000006
37 21657 65.63602590000048
38 20931 65.68419520000087
39 24667 65.64191340000045
40 23208 65.68318130000083
41 23496 65.63199940000061
42 22165 65.68008600000013
43 23841 65.62069500000105
44 20563 65.66949840000068
45 21337 65.61831570000095
46 20323 65.68037340000058
47 24661 65.63435800000119
48 23395 65.6497228000007
49 23296 65.66182680000055
50 22928 65.64403000000097
51 22633 65.67144710000113
52 23591 65.63288880000054
53 23094 65.66361570000056
54 22946 65.66973710000053
55 23030 65.66238000000064
56 24387 65.6515932000005
57 21120 65.66431240000024
58 21497 65.65810160000076
59 21846 65.67411390000106
60 22674 65.67421330000074
61 23483 65.67092800000032
62 22100 65.62230420000073
63 23958 65.66881420000067
64 21078 65.63984590000037
65 22637 65.67303410000062
66 20863 65.66302290000068
67 23494 65.65040700000077
68 24317 65.66713980000085
69 22240 65.63127880000022
70 23484 65.66674740000083
71 22384 65.5968059000003
72 24145 65.66481000000049
73 23017 65.6071555000004
74 22838 65.66131860000053
75 22956 65.66327520000083
76 23729 65.66245810000053
77 22372 65.6210246000009
78 22918 65.66420340000083
79 22135 65.67130850000058
80 24220 65.65178170000021
81 23453 65.66503950000073
82 23605 65.65360680000055
83 23149 65.66616450000093
84 22912 65.5973026000003
85 22374 65.66567550000129
86 23804 65.6080987000004
87 22155 65.65368140000099
88 24506 65.66729150000056
89 21782 65.65929720000052
90 22984 65.63699070000065
91 21719 65.66609510000067
92 23125 65.62549750000038
93 20947 65.66557140000096
94 21016 65.66082620000073
95 21220 65.63509350000082
96 23900 65.6647121000006
97 23134 65.62235580000093
98 23952 65.66616150000124
99 22821 65.62221250000019
