0 2411 59.74574180000001
1 2797 59.68008280000007
2 2396 59.69675830000009
3 1958 59.71462300000002
4 2185 59.73122550000007
5 2369 59.746203400000155
6 2593 59.72915850000003
7 1959 59.74474479999999
8 2521 59.74389160000012
9 2609 59.69529850000001
10 1843 59.678561700000074
11 2775 59.67704980000001
12 2750 59.71176240000007
13 2461 59.74344619999996
14 2609 59.743776000000004
15 2214 59.609580000000065
16 2352 59.66111659999999
17 2557 59.6613347
18 2794 59.59144169999999
19 2663 59.742422000000175
20 2608 59.710975099999935
21 2745 59.7423176000001
22 2577 59.677199699999896
23 2359 59.65948780000002
24 1943 59.67589999999999
25 2747 59.740273700000095
26 2390 59.70838159999996
27 2496 59.72416720000014
28 1959 59.72286979999997
29 1909 59.706201599999964
30 2755 59.68770200000003
31 2581 59.7195241000002
32 2320 59.734300900000115
33 2745 59.71584030000013
34 2317 59.698508499999924
35 2106 59.647962599999985
36 2779 59.66368290000001
37 2307 59.66027580000014
38 1958 59.63155259999993
39 2681 59.713282800000016
40 2207 59.70646050000009
41 2587 59.71081630000008
42 1916 59.71367110000004
43 1869 59.713888600000004
44 2733 59.69904340000002
45 2158 59.71374869999994
46 1990 59.66500979999997
47 2456 59.68173619999995
48 2482 59.713157299999935
49 1891 59.69869710000005
50 2595 59.71291470000004
51 2413 59.647113100000205
52 1951 59.616147100000106
53 2351 59.68191590000023
54 1890 59.71315290000002
55 2865 59.71291630000009
56 2567 59.69811470000002
57 2702 59.69805290000008
58 2712 59.712972099999945
59 1915 59.52750639999994
60 2549 59.66440839999994
61 2514 59.6469254
62 2358 59.723198799999956
63 2345 59.69682140000022
64 2205 59.71275020000012
65 2730 59.69709730000012
66 2276 59.71204240000006
67 2789 59.711732500000046
68 2550 59.64641079999998
69 2166 59.68091800000009
70 2014 59.70589500000003
71 2607 59.71203339999996
72 2382 59.66410179999999
73 2732 59.64674970000006
74 1899 59.71242420000002
75 1840 59.69771350000007
76 2340 59.69781410000008
77 1915 59.71311060000005
78 2677 59.69735890000003
79 2612 59.67916040000004
80 2646 59.68131609999991
81 2029 59.69796339999999
82 1908 59.69771000000007
83 2317 59.56195430000007
84 2476 59.63087140000008
85 2889 59.69746830000001
86 2672 59.712407400000124
87 2543 59.68087079999996
88 2435 59.68115740000003
89 2759 59.69997749999998
90 2721 59.71515680000013
91 2367 59.66659189999995
92 1909 59.64994829999994
93 2744 59.666659
94 2083 59.632813900000016
95 2609 59.69963639999993
96 2304 59.69971020000001
97 2534 59.7147900000002
98 2076 59.699891600000136
99 2002 59.68328900000005
100 2038 59.71490919999989
101 2455 59.699891300000075
102 1933 59.71531460000008
103 2577 59.715164600000136
104 2725 59.68347909999997
105 2681 59.715185900000165
106 2812 59.64836099999997
107 2184 59.670813099999926
108 1896 59.712432200000066
109 2076 59.69875689999998
110 1916 59.69933640000015
111 2570 59.69077460000005
112 2132 59.7124185000001
113 2458 59.67712680000006
114 2254 59.70736299999985
115 2516 59.691361499999985
116 2089 59.65655039999999
117 2744 59.69164069999998
118 2785 59.62417329999998
119 2583 59.569944800000115
120 2776 59.6365743000001
121 2745 59.62329620000005
122 1936 59.67345310000002
123 2789 59.7038502
124 3022 59.70334870000006
125 2623 59.67335460000007
126 1917 59.68833569999999
127 2002 59.68777610000006
128 2667 59.7024549000001
129 2541 59.691634600000114
130 2905 59.686755700000084
131 2927 59.68585260000012
132 2106 59.686274399999945
133 2879 59.668930100000004
134 2812 59.69958909999997
135 2532 59.70142410000004
136 2570 59.68631020000006
137 2721 59.70706700000018
138 2785 59.53526060000001
139 2352 59.70115629999987
140 2474 59.700575099999995
141 2076 59.6510587
142 2632 59.68432900000011
143 2424 59.63350310000015
144 1908 59.68340090000001
145 2713 59.68638870000008
146 2619 59.68185610000006
147 2026 59.6981711
148 2326 59.698112099999996
149 2592 59.488601499999966
150 1934 59.50171700000002
151 1939 59.684850999999995
152 2489 59.69606560000009
153 2699 59.681430399999975
154 2687 59.681449200000095
155 2631 59.651377799999906
156 2205 59.663530299999955
157 2870 59.64700890000012
158 2003 59.67987139999986
159 2596 59.63299809999999
160 2016 59.69473239999995
161 2727 59.62892880000009
162 1974 59.59741559999997
163 1844 59.58181770000001
164 2660 59.59533679999996
165 2525 59.64527590000002
166 2733 59.61429330000001
167 2537 59.609598900000115
168 2727 59.69057180000004
169 2934 59.67762080000008
170 1971 59.67803169999994
171 2552 59.67689110000013
172 1958 59.69012960000002
173 2193 59.69313740000004
174 2656 59.69322820000003
175 1849 59.69113800000011
176 2326 59.690529800000185
177 2856 59.69254960000008
178 2323 59.69296390000001
179 2347 59.658169500000014
180 2740 59.62418870000009
181 2142 59.622680200000026
182 2118 59.67316179999998
183 2485 59.67438030000007
184 2647 59.63962850000012
185 2772 59.589837900000155
186 2865 59.671484900000046
187 2541 59.68776760000002
188 2708 59.68833640000009
189 2505 59.67194989999989
190 2647 59.62094360000007
191 2544 59.63940930000003
192 1891 59.656183999999975
193 2548 59.686719600000025
194 2593 59.686517699999975
195 2189 59.688376700000106
196 2079 59.654444599999984
197 2589 59.60298419999997
198 2572 59.61880280000003
199 1809 59.57384819999999
200 2332 59.67215980000005
201 2424 59.703373699999986
202 2662 59.70303470000012
203 1955 59.68760390000001
204 2618 59.70443709999989
205 2418 59.70250599999997
206 2805 59.68437290000001
207 2042 59.655997099999944
208 2358 59.67122360000002
209 2021 59.684788699999835
210 2132 59.70262660000004
211 1911 59.58352830000008
212 2437 59.585940400000005
213 2529 59.70282150000007
214 2658 59.70247380000007
215 2366 59.66925560000009
216 2640 59.651853600000145
217 2309 59.63658329999999
218 1954 59.70197750000002
219 2170 59.701642600000056
220 2825 59.701134500000045
221 2697 59.58640989999992
222 1991 59.63464460000008
223 2682 59.71505210000013
224 2624 59.70105850000003
225 1886 59.61791999999987
226 2750 59.640439799999925
227 2779 59.673063500000104
228 2027 59.688359999999975
229 2713 59.688059100000146
230 2696 59.67296430000018
231 2601 59.70116169999995
232 1954 59.672868800000025
233 1899 59.65661339999991
234 2026 59.688099900000005
235 2518 59.687634300000006
236 2038 59.550229499999915
237 2561 59.57514720000009
238 2827 59.638785700000064
239 2374 59.67197790000004
240 2023 59.672309699999964
241 2756 59.65641650000004
242 2294 59.67211879999998
243 2330 59.68691629999991
244 2349 59.67191079999997
245 2072 59.655752899999925
246 2628 59.68689980000016
247 2722 59.68646800000005
248 2020 59.686128999999944
249 1967 59.65497580000006
250 2907 59.650319000000025
251 2314 59.62689089999993
252 2373 59.670892300000055
253 2517 59.671150600000054
254 2353 59.686417700000064
255 2774 59.637423900000094
256 2427 59.63724489999993
257 2825 59.683836000000056
258 2025 59.65502379999999
259 2642 59.518068599999964
260 2531 59.63667810000002
261 2604 59.60383639999999
262 2417 59.67082
263 2740 59.6535324999999
264 2299 59.684613099999986
265 2109 59.68539180000009
266 2574 59.68479970000011
267 2599 59.68443990000004
268 2643 59.69724479999992
269 2761 59.6834235000001
270 2503 59.68345489999997
271 2386 59.635149500000004
272 2179 59.66839840000005
273 2703 59.68326910000012
274 2442 59.683279999999975
275 2653 59.668591799999994
276 1964 59.58633240000001
277 1939 59.669035299999976
278 2746 59.63503710000006
279 2120 59.683361000000104
280 2316 59.682999300000056
281 2410 59.652305399999996
282 2441 59.6349060000001
283 2686 59.634254399999946
284 2662 59.61762639999997
285 1855 59.66818649999999
286 2585 59.68302749999997
287 2820 59.68236760000016
288 2651 59.68262369999988
289 2566 59.66780399999994
290 2461 59.68123870000002
291 2641 59.682621400000095
292 2669 59.68183219999997
293 1856 59.651511199999966
294 1820 59.68351259999996
295 2612 59.6819313000001
296 2356 59.66686379999996
297 2445 59.63372850000005
298 2753 59.63310840000006
299 2540 59.64778780000003
300 2342 59.54419410000008
301 2637 59.59631040000014
302 2459 59.647047399999956
303 2548 59.6783345000002
304 2571 59.6779109
305 1994 59.630157999999994
306 2632 59.6463405000001
307 2802 59.662110900000044
308 2760 59.50751720000004
309 2652 59.677160900000004
310 2755 59.64518340000012
311 2561 59.64552709999999
312 2348 59.661725299999965
313 2407 59.662324199999986
314 2584 59.67696710000003
315 2433 59.67644340000007
316 2259 59.578450800000034
317 2054 59.628213000000024
318 2592 59.62814489999997
319 1890 59.47850890000006
320 2792 59.49211720000005
321 2351 59.676726000000166
322 2333 59.66150650000004
323 2731 59.64013780000008
324 2761 59.67586210000003
325 2563 59.60868550000001
326 2214 59.64459799999998
327 2234 59.55315079999993
328 2731 59.60699080000003
329 2417 59.675451400000085
330 2187 59.66031389999996
331 2065 59.66022790000001
332 1903 59.66006030000002
333 1930 59.50796769999992
334 1903 59.52310869999998
335 2561 59.67507060000001
336 2410 59.67516810000008
337 2116 59.66008469999992
338 2595 59.64065129999992
339 2898 59.65678350000007
340 2072 59.65672489999997
341 2710 59.671642100000106
342 2545 59.671558199999886
343 2434 59.65659150000016
344 2863 59.656025599999964
345 2606 59.671491200000155
346 1982 59.67172020000007
347 3021 59.656441100000045
348 2243 59.62322710000012
349 2034 59.60608880000011
350 2093 59.63965950000011
351 2021 59.63474450000006
352 1946 59.6062210000001
353 1914 59.588955100000014
354 2055 59.57400060000005
355 2702 59.670656400000105
356 2390 59.67037259999997
357 2599 59.621757300000084
358 2738 59.65516369999997
359 2628 59.62689289999992
360 2256 59.639025100000005
361 2790 59.670179599999976
362 2672 59.65469960000006
363 2718 59.671777000000105
364 2432 59.65738890000007
365 1826 59.657430599999934
366 1848 59.65650469999991
367 1759 59.65737100000003
368 1914 59.623398600000066
369 2796 59.671765600000015
370 1970 59.67185559999991
371 2753 59.656359399999936
372 2774 59.67119530000011
373 2199 59.65597380000009
374 2371 59.612574699999975
375 2781 59.67052970000007
376 2588 59.67072470000005
377 2531 59.604443699999976
378 1955 59.65532920000005
379 2906 59.66994390000008
380 2764 59.66951350000002
381 2263 59.59543759999996
382 2008 59.6697203999999
383 2474 59.60410579999993
384 2338 59.577096199999936
385 2664 59.58711470000013
386 1987 59.6695136000001
387 2531 59.66949650000009
388 1854 59.6379577
389 2745 59.61964990000002
390 2372 59.66914330000003
391 2693 59.653726300000066
392 2161 59.637691599999975
393 2141 59.653888600000066
394 1977 59.60296000000001
395 2146 59.61951319999999
396 2577 59.667989699999964
397 2304 59.66832080000017
398 2624 59.65242600000001
399 2306 59.608931699999985
400 2221 59.63588890000006
401 2329 59.6188183
402 1896 59.683733000000004
403 2130 59.66709349999998
404 1937 59.63513179999991
405 2814 59.651230899999995
406 2603 59.66788649999988
407 2685 59.66647750000004
408 1906 59.66638699999992
409 2034 59.65127039999999
410 2002 59.68306809999994
411 2118 59.60594079999995
412 2711 59.6765556
413 2564 59.680122799999864
414 2074 59.676295600000095
415 2915 59.67526870000003
416 2319 59.600002699999884
417 2296 59.600614900000046
418 2857 59.675461900000116
419 2159 59.56731929999995
420 2693 59.640092700000075
421 2494 59.59038670000007
422 2840 59.62448040000003
423 2186 59.53353690000011
424 2989 59.54138030000011
425 2680 59.60679680000003
426 2421 59.65583480000003
427 2214 59.65529179999999
428 2234 59.670940800000025
429 2160 59.62267500000003
430 3014 59.65299509999995
431 2826 59.65248159999999
432 2320 59.532714100000064
433 2457 59.60349099999995
434 2413 59.65022579999998
435 2508 59.665256500000105
436 2398 59.663148
437 2179 59.665510800000035
438 2791 59.64764210000008
439 2354 59.647240799999985
440 2625 59.662798800000054
441 2677 59.64674309999989
442 2234 59.58006020000002
443 2713 59.579053900000055
444 2507 59.66164620000014
445 2030 59.6455149000001
446 2303 59.612055999999946
447 2176 59.579780399999976
448 2753 59.610932799999986
449 2704 59.658342499999954
450 2219 59.65838790000009
451 1848 59.642495600000046
452 1977 59.62574899999992
453 1877 59.64221119999984
454 2330 59.57916850000001
455 2034 59.6251396
456 2267 59.56252690000003
457 2849 59.65717459999991
458 2385 59.62453970000004
459 2349 59.67343550000002
460 2131 59.64028940000004
461 2502 59.64037150000005
462 2279 59.656735100000105
463 2666 59.639751700000026
464 2560 59.65563670000025
465 2753 59.65620280000003
466 2306 59.5894792000003
467 2123 59.57256470000001
468 2486 59.5116919000002
469 2158 59.571778400000014
470 2345 59.44395420000016
471 1933 59.65527330000003
472 1915 59.65535890000009
473 2236 59.579001399999946
474 2600 59.63861140000001
475 1904 59.638567000000016
476 2215 59.54610900000006
477 2828 59.58808830000001
478 2520 59.63763839999996
479 2289 59.65420840000008
480 2097 59.59580199999996
481 2216 59.653834399999894
482 2510 59.60337250000007
483 2737 59.619838500000064
484 2424 59.59426269999991
485 2461 59.58592080000004
486 2521 59.68650329999999
487 2623 59.61940699999997
488 2338 59.57778829999996
489 2481 59.65233130000004
490 2219 59.652707299999996
491 1969 59.651980799999876
492 2556 59.60211039999996
493 2633 59.61929360000009
494 2319 59.60252280000006
495 2708 59.60151080000002
496 1961 59.618000800000104
497 2715 59.617714900000045
498 2017 59.58383399999994
499 2144 59.686261500000136
500 2306 59.561301800000024
501 2140 59.61740479999995
502 2137 59.68580969999996
503 2801 59.6163516000001
504 2674 59.66913910000009
505 2859 59.648639900000184
506 2908 59.564973800000146
507 2506 59.598351600000036
508 2743 59.288591100000126
509 2600 59.219948000000194
510 2753 59.235709500000084
511 2357 59.18194439999998
512 2244 59.344587500000046
513 2232 59.42051429999995
514 2735 59.43466440000019
515 2405 59.59531559999999
516 2038 59.64857530000003
517 2524 59.6486832999999
518 2459 59.647878299999974
519 2178 59.595164399999994
520 2370 59.59496589999992
521 2254 59.52914619999991
522 2270 59.61885190000001
523 2539 59.63059890000002
524 2703 59.64332260000008
525 2668 59.64350530000004
526 2008 59.543585300000025
527 2102 59.5761807999999
528 2107 59.59321490000003
529 2124 59.57577669999986
530 2210 59.59285189999999
531 1920 59.59388470000004
532 2412 59.62498169999984
533 2586 59.6412953999999
534 2368 59.6244324000001
535 2756 59.64099570000001
536 2094 59.608652299999854
537 1851 59.635355199999985
538 2280 59.59189469999996
539 2185 59.63446209999996
540 2253 59.61809909999988
541 2290 59.63369329999995
542 2450 59.633366699999996
543 2280 59.58550369999992
544 2243 59.60203190000008
545 2198 59.63415189999988
546 2014 59.63404859999994
547 1941 59.63405039999999
548 2138 59.6341108999999
549 2286 59.61827389999996
550 1967 59.61822869999999
551 2237 59.63325779999997
552 2125 59.63270830000001
553 2289 59.601316200000085
554 2475 59.676159700000035
555 2250 59.58500750000013
556 2311 59.632740899999945
557 2183 59.6016239
558 2383 59.61790140000004
559 2244 59.617617900000084
560 2329 59.632341099999934
561 2382 59.60113810000004
562 2239 59.63312950000009
563 2244 59.600643599999906
564 2228 59.61669699999994
565 2428 59.676197500000114
566 2218 59.6335376
567 2253 59.60001119999999
568 2252 59.61649840000015
569 2368 59.63221949999994
570 2888 59.64342499999984
571 2280 59.632059999999925
572 2256 59.616418799999984
573 2151 59.549400899999924
574 2392 59.58388699999994
575 2377 59.600125900000016
576 2299 59.58331149999997
577 2471 59.58320530000006
578 2251 59.58348829999998
579 2272 59.63146679999996
580 2202 59.63071729999998
581 2158 59.63107670000003
582 2222 59.63163539999995
583 2176 59.631525600000096
584 2240 59.63153359999996
585 2256 59.56574149999992
586 2042 59.5832931000001
587 2330 59.582683300000035
588 2212 59.62973670000003
589 2339 59.63007039999997
590 2381 59.547952700000025
591 2163 59.58193700000005
592 2445 59.61556810000009
593 2908 59.65896359999994
594 2281 59.63166300000002
595 2234 59.61560770000004
596 2400 59.61571550000019
597 2336 59.61610830000023
598 2347 59.599368000000084
599 2211 59.582769600000006
600 2194 59.59865409999997
601 2228 59.631546800000045
602 2863 59.65895550000003
603 2480 59.615017400000006
604 2370 59.63052779999995
605 2133 59.598950099999925
606 2328 59.61496649999997
607 2177 59.61465329999991
608 2170 59.59787409999987
609 2227 59.61467570000014
610 2707 59.62928089999999
611 2318 59.62946519999995
612 2268 59.61378810000006
613 2261 59.614568800000065
614 2136 59.6729697
615 2419 59.6289699999999
616 2173 59.62931010000004
617 2281 59.614508800000024
618 2367 59.61441369999989
619 2305 59.613825000000006
620 2259 59.62802530000017
621 2297 59.62927659999992
622 2271 59.613884300000066
623 2309 59.62725140000001
624 2209 59.611829100000094
625 2264 59.62919930000002
626 2352 59.597083799999815
627 2166 59.62753020000001
628 2120 59.627526600000074
629 2233 59.59734189999998
630 2311 59.6299946000001
631 2263 59.62858659999998
632 2205 59.59263599999995
633 2138 59.629920900000045
634 2245 59.547703000000126
635 2281 59.45807820000002
636 2439 59.49464970000012
637 2210 59.53266130000006
638 2511 59.63032389999995
639 2115 59.593296800000026
640 2362 59.57729639999996
641 2210 59.630108900000046
642 2282 59.63060430000001
643 2280 59.59372459999992
644 2176 59.59304270000003
645 2336 59.63050180000004
646 2289 59.630156299999946
647 2571 59.59291770000013
648 2026 59.57681680000006
649 2201 59.62962399999992
650 2268 59.62916229999999
651 2320 59.592945599999965
652 2381 59.59267149999994
653 2446 59.613659999999946
654 2424 59.560670800000054
655 2175 59.57757089999987
656 2243 59.561671
657 2084 59.593893400000084
658 2317 59.49559180000016
659 2226 59.54455100000006
660 2322 59.54457890000001
661 2260 59.57780210000008
662 2364 59.59371779999995
663 2373 59.5773292000001
664 2342 59.59329139999998
665 2770 59.59319619999997
666 2315 59.577793000000014
667 2558 59.57722740000001
668 2167 59.57738099999996
669 2236 59.578001600000114
670 2308 59.49554889999993
671 2290 59.52660169999996
672 2294 59.5923437
673 2272 59.57742800000001
674 2318 59.59314439999995
675 2284 59.59275589999989
676 2673 59.666343799999986
677 2398 59.59280589999995
678 2766 59.63588920000003
679 2545 59.576336699999956
680 2307 59.562298699999985
681 2239 59.595469799999975
682 2312 59.59525000000003
683 2376 59.59452619999996
684 2557 59.594272099999955
685 2324 59.595388000000014
686 2246 59.52853629999999
687 2220 59.52792560000014
688 2251 59.51135509999993
689 2399 59.59501190000003
690 2440 59.59519039999997
691 2127 59.595181200000084
692 2343 59.5783766000001
693 2596 59.594992299999916
694 2335 59.595457599999975
695 2107 59.595356100000075
696 2247 59.57783319999998
697 2817 59.66842329999993
698 2249 59.595133299999965
699 2280 59.5454057000001
700 2189 59.54488770000002
701 2249 59.595302599999975
702 2437 59.56223380000001
703 2307 59.5620396999999
704 2275 59.57844219999999
705 2193 59.459901800000054
706 2173 59.44352770000002
707 2088 59.39584680000004
708 2241 59.49638190000006
709 2810 59.66772809999996
710 2262 59.57889109999986
711 2149 59.57858760000007
712 2233 59.49599420000012
713 2376 59.480875799999986
714 2362 59.59525369999994
715 2446 59.57817480000011
716 2377 59.578509500000024
717 2497 59.59345020000007
718 2298 59.59415140000013
719 2270 59.59380370000004
720 2067 59.59380330000001
721 2116 59.57847379999996
722 2054 59.59379699999994
723 2173 59.59405039999993
724 2362 59.59391740000015
725 2273 59.54515329999999
726 2230 59.57817829999998
727 2311 59.57776199999984
728 2678 59.592752500000074
729 2291 59.5776188
730 2311 59.59319909999999
731 2641 59.50950270000012
732 2300 59.479296199999915
733 2423 59.49492100000009
734 2327 59.59348419999997
735 2358 59.593109799999965
736 2332 59.544189499999916
737 2335 59.56117449999996
738 2287 59.52734290000003
739 2266 59.49525410000005
740 2285 59.54418410000006
741 2449 59.59314970000005
742 2293 59.5271777
743 2483 59.57707749999988
744 2217 59.57787120000005
745 2847 59.59348430000008
746 2325 59.56141730000004
747 2509 59.560528899999944
748 2191 59.59328869999992
749 2867 59.646940400000126
750 2292 59.59368669999992
751 2230 59.5776957000001
752 2316 59.56104170000006
753 2288 59.5275278
754 2338 59.594344199999945
755 2332 59.57756599999994
756 2120 59.577863699999796
757 2292 59.544999100000105
758 2328 59.59453700000008
759 1991 59.561199000000045
760 2143 59.57811050000015
761 2266 59.594617400000025
762 2257 59.57839800000016
763 2163 59.594375799999995
764 2327 59.546379499999944
765 2260 59.59643650000007
766 2153 59.52911540000011
767 2092 59.57931060000008
768 2443 59.57879119999999
769 2345 59.563537899999915
770 2421 59.5630062
771 2216 59.59618730000005
772 2226 59.59645030000018
773 2248 59.58011679999998
774 2646 59.54745390000006
775 2423 59.56412910000017
776 2109 59.564237199999894
777 1986 59.596308699999994
778 2321 59.59647079999998
779 2259 59.59598289999993
780 2236 59.52904920000012
781 2348 59.56478359999991
782 2398 59.5805952
783 2645 59.56398999999998
784 2159 59.514210000000055
785 2635 59.580556300000154
786 2270 59.56493460000002
787 2136 59.59749249999999
788 2285 59.58055249999984
789 2228 59.41316589999999
790 2104 59.59679069999995
791 2116 59.59705060000001
792 2643 59.663070700000056
793 2374 59.5804594999999
794 2254 59.58060349999994
795 2218 59.59636959999994
796 2294 59.5963768
797 2344 59.56477669999995
798 2292 59.54771880000013
799 2345 59.580402500000055
800 2696 59.596753000000135
801 2273 59.54735320000014
802 2766 59.6614744999999
803 2532 59.595916900000034
804 2441 59.36326440000004
805 2381 59.348917200000024
806 2331 59.59209480000014
807 2237 59.59187680000015
808 2442 59.5914358000001
809 2401 59.57620850000006
810 2371 59.57644970000004
811 2546 59.57576959999998
812 2355 59.591455999999965
813 2373 59.57597619999997
814 2265 59.56015570000006
815 2235 59.55966539999998
816 2226 59.59155709999998
817 2230 59.576344899999995
818 2047 59.59195450000003
819 2060 59.55953709999999
820 2009 59.59134729999994
821 2190 59.50954819999997
822 2311 59.57596160000002
823 2294 59.542637600000006
824 2328 59.59121370000003
825 2315 59.591651100000036
826 2296 59.59137400000006
827 2223 59.59131200000002
828 2322 59.54266199999998
829 2208 59.525992999999985
830 2158 59.59078329999999
831 2285 59.55888629999997
832 2375 59.54171980000004
833 2345 59.591089500000095
834 2168 59.59147599999997
835 2240 59.57534279999994
836 2740 59.62157760000004
837 2205 59.55939469999998
838 2278 59.59083819999991
839 2276 59.492853699999976
840 2132 59.523570400000054
841 2785 59.60301050000021
842 2345 59.506833700000016
843 2275 59.52366150000004
844 2675 59.58841799999998
845 2490 59.57356010000005
846 2183 59.573580000000085
847 2422 59.58866920000017
848 2453 59.573397399999905
849 2371 59.57294390000006
850 2320 59.58869640000007
851 2364 59.5571911000001
852 2226 59.557052299999896
853 2234 59.540507699999985
854 2395 59.588552000000135
855 2335 59.57387470000007
856 2398 59.588769099999894
857 2304 59.54059029999999
858 2349 59.57305320000008
859 2150 59.55659239999997
860 2295 59.5570560000001
861 2333 59.58841339999989
862 2261 59.57341009999992
863 2227 59.556265100000104
864 2360 59.556612999999935
865 2249 59.53988500000001
866 2405 59.50569780000011
867 2314 59.522635200000046
868 2802 59.42067969999999
869 2244 59.40527799999985
870 2546 59.465168500000125
871 2321 59.29980850000001
872 2245 59.42010679999989
873 2334 59.58822980000002
874 2291 59.57301629999998
875 2188 59.572888599999985
876 2205 59.57293130000002
877 2377 59.57276210000008
878 2261 59.52234100000003
879 2695 59.59950749999992
880 2484 59.479528299999956
881 2145 59.58778229999991
882 2619 59.587664400000065
883 2220 59.5565914
884 2727 59.647528599999944
885 2252 59.5566162000001
886 2347 59.58812549999997
887 2276 59.57330009999993
888 2518 59.573093999999976
889 2260 59.588673499999956
890 2387 59.58857560000011
891 2348 59.55662880000007
892 2308 59.64654019999998
893 2379 59.57303099999998
894 2443 59.572997199999975
895 2421 59.58787260000009
896 2280 59.5724437
897 2200 59.555876599999976
898 2611 59.63071460000007
899 2394 59.587274699999966
900 2169 59.539677599999884
901 2226 59.57309939999994
902 2236 59.55677440000003
903 2450 59.52244600000027
904 2208 59.58837959999994
905 2659 59.58779850000021
906 2535 59.59731390000011
907 2136 59.57296149999994
908 2218 59.5724930000002
909 2339 59.55644100000004
910 2135 59.58793509999991
911 2093 59.5399041
912 2547 59.53970240000006
913 2324 59.58816219999998
914 2287 59.58784579999999
915 2132 59.57286040000001
916 2190 59.58807580000008
917 2301 59.588067900000055
918 2304 59.565006300000185
919 2515 59.597649599999976
920 2135 59.58031940000006
921 2274 59.56448529999991
922 2237 59.59735369999996
923 2391 59.58053889999999
924 2329 59.57941539999998
925 2185 59.58006899999997
926 2263 59.54729520000011
927 2572 59.54627459999997
928 2251 59.563872499999995
929 2761 59.65260840000004
930 2485 59.59700440000009
931 2175 59.53014130000001
932 2167 59.546658900000004
933 2165 59.53021690000003
934 2314 59.563883900000064
935 2078 59.51290479999999
936 2336 59.54761880000001
937 2959 59.63515189999998
938 2366 59.59755220000004
939 2347 59.59725520000003
940 2739 59.56393980000002
941 2306 59.53108290000006
942 2406 59.54708509999995
943 2254 59.57924809999991
944 2251 59.579938499999955
945 2339 59.59714570000016
946 2219 59.53029620000002
947 2193 59.59704109999994
948 2463 59.59687100000007
949 2408 59.564554299999976
950 2272 59.53044249999998
951 2288 59.547076300000114
952 2395 59.56373099999989
953 2335 59.547459399999966
954 2029 59.600705300000065
955 2202 59.54724250000006
956 2542 59.596871000000135
957 2233 59.59771230000005
958 2213 59.56437680000015
959 2515 59.579887399999976
960 2395 59.57941629999994
961 2567 59.55059050000009
962 2289 59.597579200000084
963 2330 59.59707880000003
964 2331 59.54729639999994
965 2709 59.53022759999997
966 2167 59.59822590000012
967 2364 59.650963800000035
968 2163 59.581030100000014
969 2360 59.565233200000016
970 2281 59.59790230000001
971 2623 59.6504919
972 2189 59.58102739999993
973 2305 59.58095510000002
974 2853 59.63316460000014
975 2243 59.59725949999997
976 2259 59.59782379999984
977 2174 59.581191700000026
978 2195 59.58119519999993
979 2167 59.597951800000104
980 2275 59.59777180000005
981 2745 59.58034419999994
982 2248 59.54836829999996
983 2394 59.57985640000013
984 2219 59.59732050000005
985 2221 59.58075360000008
986 2220 59.597772400000004
987 2176 59.5804407
988 2254 59.57995370000008
989 2252 59.59774789999994
990 2703 59.597134800000084
991 2424 59.59712060000009
992 2555 59.5019887999999
993 2392 59.57038850000004
994 2298 59.57028030000001
995 2420 59.553156499999986
996 2467 59.5025470000001
997 2308 59.503041900000056
998 2338 59.55370110000004
999 2267 59.58437609999997
