0 13318 59.59978610000001
1 13806 59.59793799999969
2 13520 59.579687600000256
3 13379 59.57813969999984
4 13320 59.5783195000001
5 13448 59.57735470000001
6 13427 59.55210110000008
7 13321 59.568118300000194
8 13329 59.54381549999988
9 13679 59.54364030000032
10 13628 59.57647049999985
11 13545 59.57502570000008
12 13733 59.56244060000006
13 13426 59.558405099999995
14 13639 59.563436999999986
15 13264 59.55811709999985
16 13377 59.568512399999804
17 13593 59.55781160000025
18 13657 59.55732869999988
19 13431 59.55941590000014
20 13409 59.56028769999994
21 13601 59.575921900000175
22 13657 59.57044759999984
23 13484 59.56413599999987
24 13707 59.55743219999974
25 13463 59.55823300000011
26 13453 59.56190539999986
27 13155 59.58001550000008
28 13176 59.589668899999864
29 13250 59.57070359999989
30 13240 59.575230399999974
31 13553 59.58089889999981
32 13232 59.59132910000009
33 13321 59.5895162
34 13232 59.59730990000016
35 13097 59.58884379999991
36 13032 59.59817580000008
37 13463 59.59433370000013
38 13509 59.58809800000004
39 13190 59.604033899999756
40 13260 59.60428890000015
41 13435 59.60876810000023
42 13377 59.59879300000015
43 13173 59.60457090000002
44 13620 59.5883441000003
45 13389 59.592119099999834
46 13433 59.58980910000027
47 13191 59.584938299999855
48 13313 59.585306300000056
49 13423 59.58319040000014
50 13327 59.58445950000008
51 13719 59.57940380000017
52 13435 59.57459609999971
53 13318 59.57614360000021
54 13686 59.57302189999981
55 13480 59.56755049999999
56 13575 59.563886199999814
57 13974 59.56009860000027
58 13440 59.568122599999974
59 13229 59.572686099999935
60 13364 59.566549399999595
61 13659 59.5741539000002
62 13350 59.56979100000007
63 13286 59.57436150000011
64 13536 59.57024240000025
65 13208 59.58391739999997
66 13295 59.567069899999986
67 13577 59.57455719999995
68 13475 59.576591100000016
69 13560 59.564950100000125
70 13465 59.5655150000002
71 13662 59.547497900000174
72 13845 59.52851320000034
73 14105 59.528130399999924
74 13936 59.54467239999995
75 13601 59.54212750000009
76 13582 59.543225900000515
77 13743 59.55459089999999
78 13514 59.549742900000304
79 13581 59.546781199999955
80 13412 59.559944300000325
81 13316 59.55977870000029
82 13327 59.56540950000021
83 13527 59.57593819999996
84 13552 59.559037199999935
85 13707 59.56729180000005
86 13396 59.5587337000002
87 13494 59.562743600000175
88 13252 59.558622999999905
89 13465 59.548954899999686
90 13266 59.55615660000015
91 13224 59.55598610000037
92 13447 59.55797360000013
93 13565 59.567870600000006
94 13662 59.5574551999999
95 13457 59.56341529999988
96 13487 59.54733070000012
97 13136 59.557095300000086
98 13518 59.55953160000009
99 13388 59.57011330000011
