0 1312 60.17348849999999
1 1271 60.174739599999924
2 1277 60.17932280000001
3 1278 60.18002179999991
4 1388 60.182348900000015
5 1264 60.18060930000006
6 1342 60.18518840000002
7 1336 60.1913104
8 1349 60.181254599999995
9 1288 60.16872550000003
10 1291 60.16970940000007
11 1334 60.18076540000004
12 1255 60.17969559999996
13 1361 60.15910630000005
14 1289 60.181955899999984
15 1357 60.17829050000003
16 1342 60.16002800000003
17 1310 60.18293719999999
18 1423 60.17783759999997
19 1388 60.17042239999995
20 1359 60.16771289999998
21 1370 60.16639470000007
22 1293 60.15884089999998
23 1375 60.16130469999995
24 1440 60.15822570000007
25 1379 60.16033980000005
26 1326 60.163464799999986
27 1388 60.15776370000005
28 1410 60.13885609999988
29 1461 60.140894499999945
30 1435 60.14860280000007
31 1416 60.15057050000006
32 1309 60.156777499999954
33 1295 60.160402700000084
34 1470 60.15267710000006
35 1384 60.15432079999992
36 1322 60.12536269999995
37 1383 60.15586489999995
38 1332 60.15529709999998
39 1320 60.1578999
40 1246 60.163051499999945
41 1258 60.16071669999997
42 1351 60.1438008
43 1265 60.159162800000004
44 1371 60.155071700000136
45 1335 60.13101800000006
46 1449 60.13016899999992
47 1307 60.15396549999998
48 1441 60.13860450000003
49 1361 60.14161450000004
50 1410 60.1415934999999
51 1326 60.16753599999999
52 1371 60.153564999999986
53 1303 60.1419032000001
54 1304 60.14412479999995
55 1405 60.16438179999994
56 1342 60.143418999999994
57 1237 60.14806410000002
58 1229 60.148360700000076
59 1276 60.15207409999998
60 1329 60.15239060000008
61 1398 60.15094900000009
62 1368 60.1463408
63 1313 60.141630099999986
64 1365 60.14238149999998
65 1326 60.14459719999994
66 1290 60.147997500000024
67 1270 60.14843089999996
68 1364 60.150287799999944
69 1267 60.151395299999976
70 1325 60.15187249999994
71 1284 60.15006920000008
72 1352 60.14906119999996
73 1357 60.150359100000024
74 1321 60.146334700000054
75 1297 60.1460322
76 1302 60.14561390000004
77 1345 60.14310849999986
78 1387 60.15147710000002
79 1391 60.148685100000016
80 1427 60.141588999999954
81 1418 60.160324299999935
82 1376 60.140969699999985
83 1352 60.143779300000055
84 1463 60.132279100000076
85 1465 60.12797760000006
86 1384 60.13030919999998
87 1346 60.13164029999997
88 1310 60.13282080000003
89 1321 60.1350965
90 1396 60.13552509999999
91 1327 60.13660150000001
92 1279 60.14264840000004
93 1292 60.143206099999965
94 1278 60.13838829999997
95 1358 60.14331260000003
96 1337 60.1364487000001
97 1353 60.156428899999945
98 1346 60.13937159999996
99 1306 60.16508790000002
100 1339 60.1489465
101 1403 60.1404878
102 1304 60.156134099999996
103 1386 60.13911010000001
104 1299 60.13761649999998
105 1254 60.14372979999998
106 1329 60.144789400000036
107 1246 60.152036
108 1412 60.1495412999999
109 1348 60.149731400000164
110 1413 60.15095739999993
111 1382 60.14721990000002
112 1311 60.148798200000016
113 1329 60.14450500000005
114 1345 60.1444278
115 1222 60.151930699999994
116 1389 60.14675320000007
117 1302 60.150692800000016
118 1400 60.14955100000002
119 1415 60.15165750000002
120 1427 60.14146810000001
121 1379 60.14207419999996
122 1316 60.14244770000001
123 1296 60.13940669999993
124 1302 60.1436923
125 1382 60.14287389999994
126 1411 60.13745720000004
127 1410 60.1382737
128 1344 60.13474349999992
129 1372 60.13635870000006
130 1390 60.133582899999965
131 1321 60.134681199999996
132 1439 60.134538000000035
133 1343 60.137662499999934
134 1403 60.13683500000001
135 1395 60.13649679999995
136 1459 60.13046440000012
137 1381 60.133194199999885
138 1287 60.138625
139 1379 60.13550739999993
140 1369 60.12718870000002
141 1348 60.13142729999998
142 1326 60.133631900000026
143 1382 60.120754100000006
144 1366 60.123414800000106
145 1355 60.06540850000006
146 1453 60.12795129999995
147 1378 60.12422850000007
148 1331 60.12345940000012
149 1336 60.125025499999914
150 1432 60.1229078
151 1478 60.11697900000007
152 1422 60.08397350000005
153 1399 60.10099899999998
154 1386 60.10256040000006
155 1376 60.09913330000009
156 1439 60.0960558
157 1571 60.09371599999999
158 1478 60.0909201
159 1473 60.07981549999999
160 1468 60.088045300000005
161 1346 60.09630169999991
162 1344 60.09256069999997
163 1295 60.093330600000066
164 1442 60.07221690000004
165 1256 60.07319580000002
166 1378 60.09586699999994
167 1281 60.09899050000004
168 1363 60.105552000000046
169 1388 60.09784230000012
170 1319 60.10007700000001
171 1273 60.09937500000003
172 1283 60.082055099999984
173 1348 60.101493700000134
174 1288 60.112502599999964
175 1306 60.10887049999994
176 1289 60.10518920000005
177 1327 60.09951410000002
178 1307 60.10121630000001
179 1252 60.077602100000064
180 1254 60.101994699999935
181 1333 60.10566520000002
182 1360 60.10646509999989
183 1326 60.102033500000005
184 1384 60.098743699999964
185 1339 60.070944100000006
186 1361 60.075145600000006
187 1374 60.07024330000003
188 1336 60.09758349999993
189 1425 60.087653499999924
190 1367 60.09133859999995
191 1399 60.09399539999998
192 1337 60.0900494000001
193 1577 60.083828200000056
194 1395 60.080913599999896
195 1430 60.05575210000005
196 1416 60.0762496
197 1301 60.076798400000015
198 1303 60.08842600000003
199 1267 60.09091559999994
200 1407 60.055409199999964
201 1273 60.0913381
202 1341 60.10355240000004
203 1302 60.09082220000007
204 1346 60.09507319999996
205 1390 60.09619900000006
206 1613 60.09409760000012
207 1253 60.09583889999998
208 1399 60.09342100000005
209 1375 60.060602600000024
210 1338 60.091495699999946
211 1395 60.09695050000002
212 1293 60.100765300000106
213 1297 60.09838760000008
214 1317 60.09199619999994
215 1282 60.087584900000074
216 1338 60.0832382000001
217 1308 60.091513999999925
218 1284 60.06372349999997
219 1342 60.09116710000008
220 1287 60.09058480000005
221 1396 60.093540299999965
222 1285 60.0939725
223 1391 60.094023900000046
224 1368 60.09148290000005
225 1444 60.090071499999944
226 1298 60.086269199999975
227 1304 60.01735420000002
228 1371 60.08521460000006
229 1398 60.083811600000104
230 1276 60.091372700000036
231 1324 59.9933348000001
232 1365 60.04684570000001
233 1378 60.085132900000005
234 1403 60.08632650000002
235 1397 60.1019451999999
236 1363 60.079674500000074
237 1374 60.077267099999986
238 1347 60.037214300000024
239 1296 60.07897909999997
240 1338 60.07864460000012
241 1260 60.08532399999996
242 1326 60.10278330000008
243 1359 60.08416349999999
244 1405 60.07980250000001
245 1373 60.07558749999997
246 1381 60.10329029999998
247 1278 60.073981200000006
248 1231 60.080428799999936
249 1442 60.0768851
250 1268 60.07357259999997
251 1344 60.078165800000036
252 1307 60.042877200000014
253 1323 60.08030219999997
254 1422 60.04822990000002
255 1425 60.078972799999946
256 1325 60.07169550000002
257 1368 60.0720747
258 1339 60.08183089999995
259 1265 60.040383700000035
260 1354 60.07520620000001
261 1351 60.07405130000003
262 1261 60.07608879999991
263 1393 60.0725949
264 1447 60.06901360000004
265 1326 60.07495729999992
266 1400 60.09711679999998
267 1472 60.07154410000004
268 1339 60.028206999999966
269 1392 60.069439800000026
270 1264 60.06257429999997
271 1441 60.02710890000001
272 1381 60.02698870000009
273 1301 60.07218190000003
274 1328 60.07135440000004
275 1308 60.07305819999987
276 1287 60.07275120000005
277 1347 60.033404700000006
278 1247 60.07234979999999
279 1336 60.06877889999998
280 1320 60.074037999999945
281 1247 60.06826510000008
282 1453 60.072253100000054
283 1392 60.07135339999998
284 1333 60.09783799999996
285 1412 60.07525979999994
286 1432 60.07439999999998
287 1387 60.07033899999998
288 1462 60.06617450000009
289 1394 60.0258517
290 1373 60.067240800000064
291 1469 60.06692180000004
292 1333 60.06160500000002
293 1316 60.066651200000024
294 1324 60.06651520000002
295 1347 60.06399809999996
296 1329 60.06506709999996
297 1254 60.07149499999996
298 1366 60.072619900000056
299 1284 60.07536910000005
300 1405 60.07301229999994
301 1325 60.071072499999936
302 1285 60.03366340000001
303 1252 60.07420170000016
304 1277 60.03491119999994
305 1419 60.07448879999991
306 1378 60.03152560000003
307 1345 60.06564600000013
308 1399 60.06954530000001
309 1353 60.099252699999965
310 1363 60.05802430000005
311 1265 60.05509910000007
312 1380 60.05632490000001
313 1206 60.06423409999999
314 1321 60.06483099999992
315 1615 60.06660780000014
316 1757 60.065672500000154
317 1458 60.02662510000006
318 1359 60.069403700000095
319 1450 60.06816440000005
320 1369 60.054523300000035
321 1373 60.053932100000026
322 1392 60.0110495
323 1445 60.06438510000004
324 1353 60.060649100000056
325 1371 60.08707750000003
326 1321 60.06009680000002
327 1369 60.060688500000055
328 1421 60.05890900000008
329 1337 60.020205000000054
330 1332 60.05579939999999
331 1469 60.052260400000016
332 1391 60.05673630000001
333 1319 60.08409200000008
334 1307 60.063889899999985
335 1354 60.020178700000095
336 1393 60.054625999999956
337 1362 60.018468700000035
338 1359 60.05303209999999
339 1371 60.04059659999993
340 1327 60.05059310000004
341 1304 60.051814999999905
342 1454 60.05504260000001
343 1431 60.052605299999996
344 1402 60.051987899999965
345 1387 60.05279730000013
346 1439 60.05247969999998
347 1417 60.051138099999974
348 1391 60.05234369999997
349 1362 60.01532610000002
350 1378 60.01480339999991
351 1340 60.017296300000176
352 1290 60.053630099999964
353 1333 60.0541628
354 1393 60.02061989999999
355 1377 60.0193487
356 1426 60.05340989999998
357 1308 60.04804319999994
358 1351 60.05110649999992
359 1366 60.05586290000006
360 1407 60.05783870000001
361 1474 60.053836900000015
362 1466 60.04735940000009
363 1335 60.00939869999999
364 1380 60.04109850000001
365 1465 60.042374700000074
366 1429 60.03823479999993
367 1384 60.0430789
368 1406 60.04120490000015
369 1362 60.0495771
370 1449 60.07502630000001
371 1398 60.0404724
372 1430 60.04351869999988
373 1392 60.04188819999997
374 1307 60.050654400000006
375 1407 60.01645270000002
376 1332 60.05389350000013
377 1279 60.055672300000026
378 1349 60.01226490000004
379 1279 60.01677900000007
380 1366 60.04464570000005
381 1563 60.050865800000025
382 1271 60.05610590000009
383 1351 60.01502600000009
384 1290 60.04928219999998
385 1421 60.05206969999991
386 1322 60.011475100000055
387 1386 60.0530641000001
388 1414 60.02878480000003
389 1428 60.02573860000005
390 1405 60.01306109999989
391 1553 60.02782769999999
392 1402 60.0460366000001
393 1469 60.04545759999997
394 1425 60.04201369999998
395 1371 60.03830389999997
396 1387 60.03902889999995
397 1247 60.0449481
398 1281 60.07755170000009
399 1269 60.05594350000007
400 1336 60.051229900000024
401 1343 60.05031769999999
402 1397 60.01189860000006
403 1353 60.04875079999995
404 1903 60.04680120000021
405 1493 60.04804790000001
406 1373 60.04579050000001
407 1421 60.04117940000002
408 1368 60.04927670000014
409 1263 60.01341549999994
410 1261 60.080822899999994
411 1272 60.0532154000001
412 1375 60.04789609999998
413 1397 60.04850099999991
414 1388 60.0434934
415 1468 60.041953699999944
416 1292 60.043409099999906
417 1364 60.04633690000003
418 1422 60.04219230000001
419 1426 60.042197199999976
420 1405 60.046560599999985
421 1487 60.04400620000008
422 1410 60.036356500000025
423 1355 59.999186100000045
424 1508 60.034483799999876
425 1451 60.02955140000002
426 1426 60.03421360000008
427 1395 60.02914660000001
428 1332 60.01839379999994
429 1336 60.03782599999992
430 1376 59.99328919999996
431 1359 60.000771499999864
432 1334 60.00254810000001
433 1354 60.041492499999876
434 1437 60.14344789999999
435 1418 60.13761079999998
436 1423 60.13889870000004
437 1375 60.10677379999998
438 1401 60.10732189999997
439 1379 60.138577400000095
440 1411 60.141931000000085
441 1392 60.16699610000001
442 1372 60.099897200000015
443 1348 60.13442329999997
444 1363 60.14267349999996
445 1341 60.13814709999997
446 1393 60.13746269999994
447 1363 60.130515000000045
448 1429 60.134340399999935
449 1433 60.1337103
450 1364 60.12687409999999
451 1348 60.12445490000003
452 1341 60.13376879999998
453 1472 60.13362949999993
454 1448 60.124277099999965
455 1395 60.0634326
456 1544 60.16477160000009
457 1420 60.12440370000004
458 1429 60.116654699999984
459 1438 60.11866010000006
460 1462 60.115992999999925
461 1468 60.04834910000013
462 1488 60.10824059999998
463 1457 60.109363600000044
464 1298 60.11602450000007
465 1431 60.15507420000003
466 1385 60.11583360000002
467 1337 60.12245809999996
468 1439 60.05946200000018
469 1322 60.12161360000002
470 1327 60.12772499999995
471 1394 60.11912800000019
472 1350 60.118188699999976
473 1418 60.15861779999998
474 1339 60.11350970000002
475 1490 60.11494590000007
476 1334 60.12366709999993
477 1373 60.12138330000002
478 1298 60.13174140000002
479 1439 60.06899540000007
480 1368 60.12361350000009
481 1462 60.12611589999994
482 1322 60.12206649999999
483 1403 60.12474210000001
484 1464 60.12618730000012
485 1327 60.12287780000004
486 1249 60.16312529999997
487 1315 60.12598130000007
488 1288 60.17115199999998
489 1351 60.13169480000002
490 1308 60.13683120000001
491 1279 60.13809700000005
492 1319 60.13851820000007
493 1312 60.14130050000011
494 1389 60.134642399999976
495 1329 60.132358900000064
496 1290 60.13612550000006
497 1278 60.140397500000006
498 1376 60.13419919999996
499 1380 60.12800070000002
500 1374 60.13242830000007
501 1506 60.13235699999998
502 1428 60.12497999999994
503 1374 60.12221070000007
504 1319 60.13065969999999
505 1222 60.06358629999996
506 1327 60.12897769999996
507 1295 60.137435600000074
508 1440 60.13341779999991
509 1317 60.12830379999993
510 1207 60.121837799999945
511 1289 60.12529940000002
512 1303 60.126535599999976
513 1405 60.134012500000026
514 1256 60.13497779999988
515 1409 60.13103409999991
516 1383 60.13064560000004
517 1356 60.12689010000004
518 1378 60.12573599999997
519 1395 60.121511300000016
520 1449 60.11922950000013
521 1401 60.11321469999998
522 1431 60.11078370000003
523 1411 60.11324700000005
524 1334 60.11822950000001
525 1393 60.10905670000008
526 1396 60.1068272
527 1312 60.10918199999998
528 1369 60.11218380000008
529 1386 60.10884650000004
530 1281 60.11480200000005
531 1311 60.11409010000004
532 1290 60.11694390000001
533 1307 60.11647470000011
534 1375 60.11379639999993
535 1379 60.11368500000006
536 1323 60.11679560000006
537 1263 60.161955199999866
538 1448 60.116672800000046
539 1358 60.11561809999995
540 1300 60.11843309999996
541 1294 60.12347099999999
542 1353 60.15804100000012
543 1408 60.115768300000056
544 1311 60.10982379999996
545 1282 60.11475100000007
546 1318 60.11252049999994
547 1320 60.11818329999997
548 1335 60.11520839999998
549 1363 60.11484759999992
550 1272 60.11958109999992
551 1324 60.11463050000003
552 1302 60.117415200000025
553 1315 60.117223099999954
554 1436 60.11458810000005
555 1452 60.11044719999997
556 1431 60.142581899999975
557 1438 60.10871370000012
558 1313 60.10813740000003
559 1343 60.113423200000064
560 1358 60.11766410000007
561 1407 60.11737910000003
562 1487 60.11521729999991
563 1326 60.11596429999998
564 1369 60.11831979999998
565 1378 60.12038580000003
566 1366 60.11606269999996
567 1291 60.118630800000076
568 1366 60.11531879999993
569 1358 60.11262529999988
570 1303 60.12089209999995
571 1400 60.11903690000011
572 1356 60.117066400000034
573 1410 60.117766399999915
574 1391 60.111306799999994
575 1506 60.110787999999964
576 1440 60.14849050000006
577 1397 60.11051270000004
578 1532 60.1063301000001
579 1788 60.10264739999995
580 1462 60.09553220000007
581 1398 60.101336399999994
582 1409 60.08657269999997
583 1460 60.10359
584 1506 60.09787019999993
585 1399 60.09013559999995
586 1548 60.08698419999994
587 1436 60.14704570000009
588 1360 60.10222800000004
589 1444 60.098856099999956
590 1444 60.104782799999974
591 1514 60.144728199999996
592 1458 60.10344419999993
593 1453 60.101212600000025
594 1443 60.10087369999998
595 1382 60.09598229999994
596 1433 60.14396450000006
597 1419 60.10418630000002
598 1440 60.10374080000004
599 1423 60.105054800000055
600 1441 60.09441400000012
601 1393 60.106429
602 1366 60.106105500000034
603 1457 60.10641880000001
604 1439 60.11022120000006
605 1418 60.109577200000025
606 1485 60.10474360000003
607 1406 60.108109999999975
608 2308 60.09819679999977
609 1399 60.1032102
610 1385 60.09122729999995
611 1357 60.08566379999995
612 1393 60.09126760000002
613 1355 60.10164650000008
614 1382 60.10213879999992
615 1399 60.09988120000004
616 1401 60.104274699999976
617 1444 60.10309580000003
618 1435 60.10356200000018
619 1408 60.10190620000011
620 1393 60.10597419999989
621 1373 60.1444665
622 1428 60.10374669999995
623 1462 60.10473739999993
624 1432 60.14361460000001
625 1390 60.08942869999998
626 1356 60.09557980000002
627 1330 60.08745680000001
628 1318 60.09001480000002
629 1295 60.09315019999999
630 1345 60.08748169999999
631 1399 60.100735200000074
632 1348 60.10176730000004
633 1377 60.10015740000001
634 1550 60.138921400000015
635 1390 60.09999040000005
636 1346 60.09813800000014
637 1354 60.100444899999985
638 1366 60.10346600000005
639 1375 60.13401849999997
640 1361 60.09494319999989
641 1381 60.09377399999995
642 1441 60.09087540000003
643 1366 60.09610210000005
644 1424 60.09390670000002
645 1382 60.10071770000001
646 1378 60.08990700000001
647 1390 60.09427720000008
648 1376 60.095701600000105
649 1366 60.094365799999956
650 1430 60.13239559999997
651 1387 60.093158100000025
652 1458 60.08988769999999
653 1384 60.090323000000005
654 1484 60.0850956000001
655 1522 60.077444500000006
656 1380 60.0841230999999
657 1395 60.08233779999983
658 1398 60.078494200000065
659 1376 60.0766033
660 1386 60.11637940000002
661 1374 60.07933639999997
662 1291 60.08797600000003
663 1361 60.08571020000008
664 1448 60.12176670000008
665 1344 60.07992909999996
666 1385 60.08876479999989
667 1338 60.07522650000001
668 1310 60.072867499999916
669 1544 60.12148450000005
670 1719 60.08867640000004
671 1410 60.08091100000004
672 1351 60.090208999999966
673 1361 60.07573490000011
674 1343 60.109917400000036
675 1356 60.07652819999995
676 1337 60.09541260000002
677 1313 60.095173000000166
678 1522 60.089452299999984
679 1353 60.0955328999999
680 1294 60.09473100000004
681 1379 60.098365999999935
682 1333 60.093707199999955
683 1401 60.093291600000036
684 1466 60.13310620000006
685 1467 60.124199799999964
686 2124 60.12387499999994
687 1520 60.08982319999994
688 1372 60.12194010000008
689 1328 60.12919580000001
690 1345 60.082989300000044
691 1343 60.08203890000001
692 1441 60.083997000000025
693 1397 60.083308800000005
694 1399 60.08164349999991
695 1435 60.08657019999994
696 1421 60.12881769999996
697 1457 60.084846
698 1434 60.09024090000008
699 1534 60.08479049999997
700 1429 60.082787900000014
701 1458 60.09080570000002
702 1490 60.08609619999994
703 1464 60.08033819999989
704 1388 60.08413500000001
705 1409 60.083814000000096
706 1363 60.08728960000012
707 1359 60.0894107
708 1443 60.08931480000001
709 1405 60.08351510000007
710 1385 60.08914460000003
711 1469 60.08153779999995
712 1352 60.07910430000003
713 1353 60.075597800000004
714 1374 60.079228200000045
715 1384 60.07855180000005
716 1485 60.082502700000035
717 1381 60.08407249999997
718 1435 60.08192000000004
719 1398 60.08212349999999
720 1385 60.07897479999999
721 1389 60.084480500000026
722 1648 60.07804040000004
723 1355 60.071333800000005
724 1339 60.08033760000007
725 1328 60.07815679999996
726 1309 60.07706849999999
727 1432 60.081564999999905
728 1404 60.087799800000035
729 1396 60.08453399999993
730 1361 60.08840670000003
731 1415 60.08586840000005
732 1332 60.0834117
733 1377 60.08548719999993
734 1435 60.079539999999945
735 1365 60.08293010000002
736 1447 60.11628739999996
737 1338 60.12293390000003
738 1397 60.07952669999998
739 1412 60.113384600000046
740 1418 60.081032499999985
741 1439 60.080817600000024
742 1395 60.08012960000004
743 1503 60.07761509999988
744 1464 60.07698229999993
745 1367 60.075136299999954
746 1480 60.075021899999975
747 1448 60.0713246
748 1419 60.0708077
749 1362 60.0771034
750 1426 60.073276699999994
751 1394 60.074004299999956
752 1419 60.10869009999998
753 1409 60.07702149999992
754 1335 60.07341590000001
755 1360 60.0642201
756 1416 60.106622
757 1428 60.07324169999997
758 1345 60.07531349999992
759 1447 60.075073599999946
760 1425 60.075335199999955
761 1475 60.07836559999992
762 1406 60.074405100000085
763 1417 60.0749112
764 1362 60.074587400000034
765 1417 60.07629770000004
766 1431 60.07566649999992
767 1409 60.075828999999956
768 1434 60.11527070000003
769 1385 60.08011010000001
770 1387 60.07174819999999
771 1459 60.07190050000001
772 1423 60.071247000000035
773 1376 60.07049049999991
774 1449 60.073254500000004
775 1414 60.069857599999956
776 1434 60.06986810000001
777 1399 60.07178520000009
778 1533 60.071819000000026
779 1376 60.069951300000064
780 1346 60.067419800000025
781 1430 60.07480020000005
782 1413 60.07140039999995
783 1499 60.06746940000012
784 1379 60.06609450000011
785 1367 60.06672579999994
786 1380 60.06880610000001
787 1351 60.06656309999994
788 1393 60.06796650000003
789 1364 60.06793470000006
790 1613 60.06957430000016
791 1337 60.06827349999989
792 1350 60.069858799999984
793 1418 60.0734509
794 1513 60.06824819999998
795 1514 60.07326520000003
796 1479 60.069843100000114
797 1494 60.09784850000003
798 1436 60.06194610000002
799 1388 60.06221719999992
800 1406 60.06040640000003
801 1441 60.06291549999997
802 1369 60.06342760000007
803 1381 60.06793169999993
804 1456 60.06327760000001
805 1415 60.064670800000066
806 1475 60.060673099999995
807 1368 60.10279230000009
808 1424 60.061380700000036
809 1456 60.064409500000124
810 1405 60.06101450000016
811 1381 60.06091079999996
812 1382 60.068120100000016
813 1404 60.06353119999999
814 1414 60.060378900000025
815 1411 60.06524500000005
816 1333 60.06720000000003
817 1330 60.06422519999997
818 1371 60.06837250000004
819 1451 60.07048420000008
820 1372 60.06965199999996
821 1400 60.075353900000074
822 1442 60.07129169999998
823 1407 60.07477010000004
824 1302 60.07290129999994
825 1348 60.07148400000008
826 1379 60.073399000000045
827 1402 60.069715299999984
828 1368 60.07011819999993
829 1423 60.06892280000008
830 1430 60.06844070000014
831 1409 60.097465700000136
832 1452 60.06308279999999
833 1354 60.07196919999994
834 1352 60.06970860000007
835 1371 60.07002029999996
836 1407 60.071475500000005
837 1412 60.07081499999998
838 1389 60.07051859999999
839 1373 60.0659483000001
840 1355 60.068731900000046
841 1362 60.06470070000004
842 1364 60.06471630000002
843 1350 60.102327500000044
844 1471 60.06410600000002
845 1416 60.10207540000001
846 1338 60.065677900000026
847 1339 60.06495090000005
848 1347 60.06185530000003
849 1374 60.062977500000024
850 1383 60.06539489999998
851 1367 60.06128099999999
852 1376 60.06933200000003
853 1382 60.059694800000024
854 1383 60.064905900000056
855 1417 60.10112140000003
856 1400 60.097382700000004
857 1355 60.05857230000001
858 1318 60.05726969999998
859 1377 60.05696970000004
860 1393 60.064303699999996
861 1364 60.05710070000005
862 1399 60.05556019999998
863 1354 60.06341820000002
864 1396 60.05984260000006
865 1366 60.056871800000074
866 1392 60.09362619999995
867 1401 60.05687729999998
868 1333 60.059508499999936
869 1321 60.05095029999995
870 1454 60.05581249999992
871 1382 60.05271270000006
872 1335 60.05792199999999
873 1357 60.0568139
874 1466 60.057669700000034
875 1418 60.09073410000007
876 1432 60.09160490000005
877 1458 60.05032120000007
878 1421 60.05214150000002
879 1383 60.0492629999999
880 1371 60.05085459999998
881 1410 60.053989400000006
882 1369 60.055882599999954
883 1425 60.05105260000005
884 1452 60.04761949999998
885 1488 60.04101909999997
886 1410 60.041026999999936
887 1468 60.050218500000035
888 1431 60.030549799999925
889 1439 60.04039769999996
890 1438 60.04662679999993
891 1420 60.046240900000114
892 1374 60.04948620000011
893 1422 60.04793060000003
894 1514 60.04856990000008
895 1434 60.05095690000001
896 1436 60.0507744
897 1441 60.0529749999999
898 1400 60.04663770000006
899 1432 60.05098339999992
900 1401 60.052157900000005
901 1527 60.02864200000006
902 1405 60.02406109999995
903 1391 60.044711899999946
904 1381 60.04295800000001
905 1400 60.019747100000075
906 1407 60.02010430000004
907 1418 60.0521129
908 1449 60.05156880000003
909 1456 60.022567500000015
910 1499 60.022423100000054
911 1397 60.046483400000035
912 1409 60.01933650000012
913 1448 60.019117900000026
914 1499 60.01079350000003
915 1681 60.015248800000045
916 1489 60.019824699999944
917 1428 60.006330800000036
918 1396 60.00005269999997
919 1413 60.01478429999991
920 1344 60.012463700000005
921 1472 60.01898869999997
922 1372 60.01327089999993
923 1386 60.02009400000003
924 1386 60.01698169999999
925 1372 60.01971709999998
926 1355 60.021194499999986
927 1346 60.022519599999946
928 1364 60.02331880000011
929 1387 60.023333999999835
930 1407 60.025064400000055
931 1367 60.0233628
932 1524 60.02517469999994
933 1398 60.026801399999954
934 1472 60.024198799999944
935 1395 60.02444170000006
936 1420 60.011083899999946
937 1372 60.008627000000054
938 1393 60.017904099999974
939 1381 60.01628640000004
940 1379 60.01133079999993
941 1369 60.01505199999998
942 1380 60.013412799999976
943 1306 60.07739289999994
944 1470 60.0223612
945 1346 60.02186780000003
946 1343 60.02920629999988
947 1334 60.0258906
948 1409 60.02426760000002
949 1358 60.02538299999994
950 1366 60.028810899999996
951 1355 60.02379750000009
952 1511 60.02465280000005
953 1355 60.02165570000002
954 1373 60.025698500000004
955 1374 60.02433800000006
956 1318 60.0834460000001
957 1368 60.024562800000034
958 1678 60.01978170000004
959 1377 60.019714699999966
960 1338 60.02676660000002
961 1355 60.0266741
962 1326 60.02687040000006
963 1300 60.016561200000154
964 1322 60.08627829999996
965 1405 60.02314909999999
966 1345 60.02187460000003
967 1317 60.02384089999997
968 1261 60.02850719999995
969 1439 60.03129280000007
970 1355 60.029360800000084
971 1438 60.02726490000004
972 1377 60.02626859999999
973 1395 60.08372509999995
974 1355 60.0288599
975 1319 60.02840610000004
976 1340 60.026233500000025
977 1355 60.02646550000011
978 1380 60.022583399999995
979 1387 60.02150310000004
980 1381 60.020596700000056
981 1386 60.023555200000004
982 1394 60.01726330000001
983 1421 60.08216650000007
984 1345 60.023828100000024
985 1357 60.02384730000006
986 1383 60.02166060000004
987 1357 60.017195000000015
988 1421 60.02082660000004
989 1333 60.02565570000007
990 1371 60.02011349999996
991 1364 60.02007130000008
992 1450 60.016548299999975
993 1356 60.016402399999954
994 1334 60.01462810000014
995 1389 60.00871259999997
996 1414 60.01288659999999
997 1280 60.01427659999999
998 1283 60.07446610000001
999 1267 60.012807900000034
