0 1016 51.93130280000003
1 952 51.96758180000003
2 980 52.06453880000003
3 961 52.073399300000005
4 956 51.54287599999997
5 956 51.83115920000001
6 956 51.73764650000003
7 935 52.191804500000046
8 999 51.99884749999992
9 988 52.10762310000005
10 1013 51.655257
11 959 51.75882510000004
12 950 52.245557700000006
13 931 51.83048519999991
14 956 52.287668099999934
15 1023 51.7007092
16 1007 52.02446810000002
17 978 52.07614269999998
18 958 52.45806949999999
19 964 52.13379219999998
20 969 52.385327999999916
21 1013 52.10695040000001
22 984 52.32562890000001
23 1015 52.13832099999996
24 1001 52.10542079999996
25 1033 52.087677600000056
26 1015 51.9287776
27 1027 52.06580440000002
28 971 52.16619499999996
29 1023 52.25780879999997
30 1060 51.718188900000044
31 1042 51.98639469999999
32 1047 52.120146600000005
33 1029 51.98276570000003
34 1041 52.23143899999996
35 1041 51.798069700000035
36 1028 52.241297500000016
37 1054 52.28011239999997
38 991 52.2884237
39 957 52.261294300000024
40 996 52.39871799999997
41 1000 52.146783500000026
42 982 52.14016519999998
43 958 52.540116600000026
44 1028 52.15834929999994
45 961 51.986836700000026
46 961 52.403360900000045
47 981 52.11050260000002
48 966 52.262537700000046
49 1024 52.0011316
50 1067 51.930668699999956
51 986 51.784186800000064
52 1043 52.54498980000006
53 1015 52.38061819999995
54 1084 51.90775709999998
55 1039 52.247665000000076
56 1018 52.35132110000007
57 1028 51.835637799999986
58 1101 52.043028999999926
59 1090 51.98118330000007
60 1018 51.96792599999997
61 1053 52.11634110000003
62 1086 52.167650999999914
63 995 52.27815910000008
64 999 52.208225799999965
65 989 52.338391300000026
66 1076 52.179055199999944
67 1006 51.72995450000008
68 1199 51.84990349999994
69 996 52.25311850000009
70 1030 52.02941130000008
71 1018 52.205576399999956
72 1014 51.88663879999992
73 1095 52.05125299999997
74 1041 52.294909799999964
75 1010 52.27889820000002
76 1018 51.92628489999991
77 1027 52.12114749999995
78 1030 51.859042399999936
79 988 52.25728649999998
80 972 52.43863000000001
81 1043 52.14348410000001
82 1002 52.30920460000007
83 1002 52.18793500000008
84 994 52.22987440000007
85 1029 52.18517190000003
86 1053 52.27498930000003
87 1015 51.89725759999999
88 1018 51.947210000000005
89 1063 52.48595569999999
90 1022 52.11457860000004
91 1010 52.00376690000001
92 1067 52.32236689999996
93 1036 52.019533000000024
94 1064 52.2274720000001
95 1029 52.03718690000006
96 1045 52.322286399999896
97 1063 52.143317999999944
98 1050 52.44506950000002
99 1031 52.243815399999974
100 1004 52.19918670000008
101 1032 52.30405469999998
102 1036 52.18991879999995
103 1051 52.06033589999994
104 1038 52.00043599999989
105 1015 52.02085830000006
106 1047 52.01060819999999
107 1008 51.921447799999946
108 1040 51.99254919999997
109 1003 52.29963970000008
110 1035 52.045978500000004
111 1013 52.45384169999996
112 1021 52.15829519999993
113 1089 52.52395050000002
114 997 52.430011999999984
115 1033 52.25698790000011
116 993 52.128448500000054
117 1198 52.10590479999999
118 1044 52.140332699999945
119 1021 51.95236580000007
120 1000 52.269776400000055
121 1055 51.986456800000006
122 1008 51.98323790000001
123 1027 52.37422829999998
124 1038 51.90950110000002
125 994 52.0645208
126 1013 52.113842300000016
127 1045 51.87692450000003
128 1042 52.03969029999999
129 1021 51.744954099999894
130 998 52.44330300000003
131 1011 51.8755217
132 1058 52.16408999999996
133 1035 51.8194385
134 982 52.121141000000016
135 1016 52.202828200000056
136 1015 51.924770900000055
137 1048 52.009858499999986
138 1016 51.80794640000004
139 1002 52.13962290000003
140 998 51.73241179999996
141 1001 52.4371636999999
142 1005 52.06260000000004
143 1058 52.18699110000001
144 1098 52.064781200000084
145 1055 52.34626789999997
146 1144 51.85080100000005
147 1076 52.39053220000002
148 1051 51.9532501
149 1044 52.0732115999999
150 992 52.20686660000007
151 972 52.04517160000001
152 1065 52.04794239999999
153 1061 51.96639959999995
154 1085 51.96505809999998
155 1112 52.233841599999984
156 1067 52.225669999999894
157 1041 51.79435730000005
158 1077 52.39801169999994
159 1071 51.899275999999986
160 1042 51.97158509999999
161 1104 52.027063500000004
162 1126 52.20929359999997
163 1151 51.996129200000034
164 1031 51.95288019999997
165 1042 52.14002359999997
166 1023 52.515199000000024
167 1031 51.94022540000002
168 1065 51.86535789999997
169 1062 52.259668000000026
170 1101 52.489648299999985
171 1071 51.92611090000001
172 1063 51.95332649999994
173 1090 52.438767900000066
174 1080 52.16538599999999
175 1077 51.93144270000003
176 1101 52.156133600000025
177 1063 51.63031489999998
178 1127 52.00930709999999
179 1037 52.292086700000006
180 1081 52.01688449999995
181 1066 52.12088679999999
182 1090 52.263186000000054
183 1033 52.573117199999984
184 1028 51.912822999999975
185 1077 52.13395199999995
186 1056 52.18299740000004
187 1062 52.29524969999996
188 1015 52.1845994
189 1049 51.889383800000026
190 1064 51.92222859999997
191 1079 52.279286900000066
192 1060 52.05202049999996
193 1109 52.242451499999966
194 1016 52.07447860000008
195 1035 51.92730149999998
196 1465 51.94510300000021
197 1068 52.548681499999894
198 1065 51.820403800000015
199 1046 51.93547399999996
200 1101 51.88416800000001
201 1072 52.389152099999954
202 1086 51.96637099999996
203 1111 52.11280989999995
204 1127 52.00078729999998
205 1113 52.33866600000005
206 1124 52.159191600000085
207 1070 52.22780899999997
208 1142 52.00156180000014
209 1096 52.49072629999998
210 1106 52.54428220000003
211 1046 52.1845647
212 1073 52.453087500000095
213 1097 51.88949589999996
214 1108 51.94431190000002
215 1126 52.038161
216 1068 52.19816879999996
217 1069 51.90361879999999
218 1202 52.191349699999975
219 1078 52.25541070000001
220 1230 52.537495200000016
221 1085 52.33786900000008
222 1103 52.40442500000008
223 1054 52.22314779999998
224 1083 52.12567870000005
225 1083 52.10467340000002
226 1064 52.29240020000004
227 1023 52.607080000000025
228 1027 52.411040899999975
229 1057 52.196566299999944
230 1082 52.30729239999992
231 1057 52.260618000000065
232 1034 52.66102400000003
233 1114 52.51046419999994
234 1083 52.388314099999924
235 1088 52.20977020000007
236 1060 52.13915739999994
237 1130 52.07715899999996
238 1057 52.400269099999946
239 1040 52.16644329999996
240 1064 52.23903770000001
241 1007 52.40177040000009
242 1050 52.01184589999993
243 1061 52.36377590000007
244 1089 52.549902200000005
245 1157 52.205185900000046
246 1085 52.34898530000001
247 1082 52.36694040000004
248 1026 52.52466260000004
249 1039 52.31881819999998
250 1099 52.08734520000001
251 1089 52.24299949999997
252 1044 52.43004589999993
253 1055 52.32685260000001
254 1114 51.938248100000074
255 1099 52.0736896
256 1056 52.53663609999995
257 1142 52.13546610000004
258 1105 52.496431000000044
259 1164 52.34847959999995
260 1061 51.962110800000026
261 1103 52.18685140000003
262 1062 52.359634799999995
263 1083 52.46725629999998
264 1079 52.49424839999996
265 1121 52.3260013
266 1067 52.610777900000016
267 1121 52.47037709999991
268 1099 52.312749600000004
269 1107 52.3409814000001
270 1116 52.446172100000005
271 1101 52.32895760000009
272 1102 52.39037019999999
273 1081 52.58937320000005
274 1092 52.1701957999999
275 1030 52.33068580000005
276 999 52.85567649999996
277 1054 52.36413110000001
278 1095 52.48605320000001
279 1033 52.381578399999974
280 1071 52.66368340000003
281 1022 52.27905319999995
282 1053 52.54217800000002
283 1086 52.36303530000001
284 1334 52.45528080000006
285 1080 52.35418529999999
286 1028 52.558390999999965
287 1039 52.124786100000016
288 1032 52.40364719999996
289 1020 52.59495229999993
290 1047 52.4428765
291 1034 52.403972799999956
292 1045 52.27079569999999
293 1088 52.580510300000036
294 1092 52.440925500000034
295 1035 52.38761280000002
296 1071 52.974488199999925
297 1090 52.31622290000003
298 1057 52.53459080000001
299 1055 52.230968600000004
300 1040 52.11996039999988
301 1124 52.625363099999916
302 1060 52.413470400000044
303 1077 52.51204150000003
304 1077 52.69529499999992
305 1130 52.38223900000001
306 1125 52.57714040000004
307 1083 52.7895879
308 1077 52.402001100000014
309 1065 52.40827760000003
310 1070 52.675412599999994
311 1113 52.63486710000001
312 1146 52.21661299999999
313 1075 52.53815199999999
314 1173 52.24034339999994
315 1164 52.4168886999999
316 1132 52.633601400000074
317 1130 52.70654
318 1185 52.559338299999965
319 1068 52.518815099999976
320 1049 52.520020599999974
321 1080 52.605634999999985
322 1075 52.273186199999984
323 1041 51.95217620000005
324 1130 52.28360590000004
325 1131 52.52244519999995
326 1057 52.38033120000001
327 1106 52.52930989999995
328 1151 52.33464899999995
329 1137 52.38979399999993
330 1116 52.694578699999965
331 1106 52.14247460000001
332 1086 52.43814509999997
333 1149 52.47532079999995
334 1196 52.621748700000005
335 1117 52.333458799999946
336 1086 52.52128769999996
337 1110 52.48410770000005
338 1139 52.28867989999998
339 1137 52.306608900000064
340 1097 52.5150013
341 1184 52.57927750000004
342 1112 52.36934970000002
343 1083 52.316828100000016
344 1089 52.60761079999997
345 1137 52.35383749999999
346 1116 52.2131953
347 1116 52.30004599999997
348 1088 52.52869080000001
349 1182 52.532048199999984
350 1204 52.47578710000001
351 1094 52.54490639999998
352 1090 52.44178419999998
353 1079 52.31860380000005
354 1095 52.20930840000005
355 1121 52.57943679999998
356 1101 52.61043239999989
357 1133 52.77872360000003
358 1105 52.39200400000002
359 1046 52.46965960000003
360 1091 52.23000190000001
361 1154 52.71087450000004
362 1107 52.50378429999994
363 1130 52.49939849999996
364 1187 52.59921739999998
365 1156 52.61068569999996
366 1080 52.55850370000004
367 1105 52.81509250000011
368 1123 52.53235630000005
369 1268 52.76951529999999
370 1073 52.52844990000004
371 1107 52.297432599999965
372 1080 52.151142300000025
373 1171 52.31531289999999
374 1071 52.29292999999996
375 1051 52.39851329999996
376 1089 52.7080336000001
377 1212 52.2159922999999
378 1055 52.53624319999999
379 1100 52.34715709999991
380 1095 52.624639400000035
381 1077 52.43249240000002
382 1119 52.721648900000034
383 1106 52.5544323
384 1065 52.41292280000004
385 1093 52.49549049999996
386 1108 52.584673699999975
387 1091 52.60209689999999
388 1038 52.71250160000003
389 1088 52.462365000000005
390 1129 52.70997329999993
391 1100 52.81400830000008
392 1105 52.75298719999999
393 1108 52.48846739999989
394 1079 52.45658790000001
395 1084 52.20240549999997
396 1125 52.95486310000004
397 1122 52.428597299999915
398 1075 52.48022779999996
399 1107 52.778625599999934
400 1067 52.43227270000004
401 1085 52.407546199999935
402 1084 52.539696399999954
403 1077 52.70212290000002
404 1087 52.519992400000014
405 1050 52.53342109999999
406 1173 52.49522449999994
407 1091 52.71823079999989
408 1124 52.42149640000004
409 1114 52.88252220000004
410 1114 52.753732300000074
411 1066 52.49731779999998
412 1079 52.31190070000001
413 1042 52.63996000000003
414 1022 52.90451460000001
415 1066 52.69715159999997
416 1027 52.92833280000002
417 1024 52.654894299999945
418 1046 52.821172699999984
419 1042 52.829336899999994
420 1116 53.12430480000003
421 1098 52.8763401
422 1120 52.58274920000009
423 1111 52.92585130000003
424 1089 52.53685529999995
425 1100 52.62348799999994
426 1104 52.54861609999996
427 1084 52.91533180000005
428 1222 53.13254920000009
429 1146 52.92728249999994
430 1153 52.88359149999998
431 1122 52.69920260000007
432 1142 52.8494703000001
433 1143 52.66262500000003
434 1170 52.74604790000009
435 1112 52.62221230000007
436 1121 52.642203900000005
437 1108 52.70078689999996
438 1095 52.7183647
439 1108 52.780590400000065
440 1128 52.68245999999991
441 1087 52.79358850000004
442 1186 52.65570699999997
443 1123 52.75758899999988
444 1082 52.87584409999998
445 1107 52.54132209999995
446 1078 52.57368119999994
447 1070 52.95532099999999
448 1107 52.71339100000007
449 1083 52.90645859999999
450 1075 52.9443557
451 1112 53.16088110000003
452 1107 53.03030779999996
453 1078 53.05731020000002
454 1240 52.993435199999986
455 1108 52.64493710000001
456 1056 52.72197770000006
457 1126 52.60517610000003
458 1107 52.48009489999999
459 1162 53.04913739999996
460 1146 52.56748790000012
461 1179 52.65408229999995
462 1151 52.8969211
463 1162 52.90461950000002
464 1102 52.812142900000055
465 1111 52.583293099999935
466 1106 52.884728699999975
467 1087 53.084196999999996
468 1157 52.94740470000009
469 1101 52.67251530000002
470 1134 52.78674420000001
471 1151 52.82879819999994
472 1155 52.508279699999974
473 1158 52.833069199999954
474 1090 52.786393399999895
475 1167 52.7661469
476 1098 52.92551619999997
477 1073 52.577245100000056
478 1105 52.569145600000034
479 1087 53.03821529999999
480 1067 53.11803339999998
481 1218 53.0822424
482 1082 52.77790149999998
483 1098 52.61946210000002
484 1069 52.84603499999993
485 1122 52.642892599999975
486 1274 53.29891580000005
487 1046 52.91101650000004
488 1048 53.118721599999965
489 1111 52.92505509999995
490 1067 52.962324399999986
491 1087 53.11522729999992
492 1060 52.976231600000055
493 1118 53.00363690000015
494 1062 53.03183870000001
495 1082 52.9925083
496 1086 53.02030480000001
497 1086 52.856055500000025
498 1096 53.21826550000002
499 1063 52.864264800000115
500 1128 52.68813470000006
501 1141 53.23157519999995
502 1120 52.83117159999997
503 1087 53.09229690000001
504 1138 53.05816919999994
505 1148 53.007805799999964
506 1134 52.9576213
507 1115 53.16070990000006
508 1161 53.126825300000036
509 1161 53.22830290000005
510 1122 52.89325849999997
511 1178 53.350512099999996
512 1140 53.03863000000004
513 1194 53.53146369999999
514 1177 53.00458739999998
515 1113 52.888212299999985
516 1062 53.168992400000036
517 1065 53.19266829999999
518 1059 53.07716979999998
519 1071 53.1315037
520 1096 53.14696460000001
521 1057 53.10132679999997
522 1093 53.07576949999999
523 1063 53.07575680000002
524 1169 52.93012460000004
525 1114 53.3890583999999
526 1311 53.022899800000026
527 1116 53.03732769999996
528 1136 52.77958960000001
529 1135 52.94429620000009
530 1132 53.10198550000002
531 1143 52.924281900000025
532 1101 53.14242180000006
533 1168 52.963886100000046
534 1261 53.0109511000001
535 1121 53.193831300000056
536 1110 53.086339700000025
537 1219 53.294707999999964
538 1128 52.98935970000001
539 1133 53.18915730000009
540 1110 53.125432300000035
541 1131 52.932611200000004
542 1129 52.81526779999988
543 1147 53.093887500000044
544 1135 53.304379200000014
545 1140 53.1592936000001
546 1138 53.06739579999996
547 1147 53.13742119999993
548 1137 53.09277960000001
549 1205 53.100949800000016
550 1237 53.48170490000006
551 1120 53.11773190000008
552 1102 53.16515289999997
553 1088 53.33052899999997
554 1078 53.358703099999985
555 1071 53.355399699999985
556 1087 53.27682030000008
557 1080 53.09721290000003
558 1116 53.13287220000003
559 1131 53.34889480000001
560 1083 53.514941400000005
561 1091 52.948554700000074
562 1152 53.110447500000035
563 1102 53.033596799999984
564 1112 53.33531390000001
565 1135 52.93709919999992
566 1117 53.11477410000007
567 1210 53.11606079999999
568 1193 53.06397400000003
569 1208 52.955466500000014
570 1185 53.217330199999964
571 1128 52.77078270000011
572 1160 53.04708579999999
573 1109 53.223087800000116
574 1137 53.03234869999997
575 1335 52.844197400000056
576 1167 53.23572530000007
577 1193 52.84508809999998
578 1355 53.327132999999975
579 1169 53.237812599999984
580 1141 53.30947620000001
581 1150 53.54073629999999
582 1139 53.00161469999997
583 1121 52.69192089999999
584 1193 53.17472779999998
585 1175 53.06483509999996
586 1160 53.14776589999995
587 1235 52.89868050000007
588 1159 53.380756399999946
589 1160 53.21186999999994
590 1145 53.075388
591 1163 53.24102460000007
592 1238 52.91859820000001
593 1173 53.29463049999998
594 1166 53.2804363
595 1138 53.04479999999991
596 1154 52.98912830000001
597 1159 53.30356030000001
598 1116 53.11761119999993
599 1194 53.179403
600 1113 53.07597709999993
601 1110 52.749686000000054
602 1093 53.125999799999946
603 1132 52.848686199999996
604 1165 53.152796100000025
605 1132 52.85210819999988
606 1164 52.83163189999994
607 1175 52.86600650000002
608 1142 52.78462680000009
609 1107 52.912369199999944
610 1140 53.014955500000035
611 1160 52.612710299999996
612 1179 52.90659810000005
613 1174 52.76459059999999
614 1136 52.901530900000004
615 1154 52.86688449999997
616 1135 52.74559700000008
617 1211 52.978510399999976
618 1124 52.71430750000001
619 1114 52.47356300000004
620 1205 52.929150900000025
621 1164 52.66636799999995
622 1136 52.66227499999991
623 1082 52.848782599999986
624 1151 52.88660350000002
625 1100 52.7032591
626 1091 52.63547589999991
627 1122 52.666277599999994
628 1106 52.673620099999965
629 1105 52.70717349999997
630 1104 52.62149909999996
631 1118 52.65584069999999
632 1142 52.90092310000008
633 1143 52.81176229999997
634 1154 52.92030050000006
635 1158 52.72168349999992
636 1127 52.575063100000015
637 1093 52.57742699999999
638 1103 52.51089530000003
639 1119 52.46822310000002
640 1103 52.57631700000001
641 1105 52.84254919999996
642 1065 52.67285029999997
643 1110 52.52651520000002
644 1083 52.54336159999996
645 1160 52.66013419999996
646 1045 52.710860199999935
647 1015 52.714709900000024
648 1091 52.604088400000045
649 1077 52.89754740000004
650 1109 52.58471070000007
651 1095 52.917363799999904
652 1127 52.5000311
653 1166 52.5326677
654 1073 52.58115700000001
655 1136 52.97193000000002
656 1138 52.359453899999984
657 1129 52.66174240000006
658 1174 52.55767459999996
659 1142 52.92602719999994
660 1131 52.60220459999997
661 1117 52.9116307
662 1181 52.63629350000001
663 1102 53.079036899999984
664 1087 52.95709239999994
665 1105 52.700029899999976
666 1052 52.76199989999998
667 1058 52.631413400000035
668 1076 52.602954799999985
669 1104 52.51009010000011
670 1088 52.658508199999886
671 1022 52.73275680000004
672 1050 52.62560239999997
673 1055 52.60127249999996
674 1252 52.51379750000003
675 1096 52.7394253
676 1134 52.40117640000005
677 1144 52.68527419999998
678 1173 52.64456110000006
679 1127 52.3130309
680 1134 52.58750040000004
681 1113 52.18985430000002
682 1117 53.04329030000002
683 1101 52.712059899999964
684 1114 52.71961219999998
685 1133 52.70370059999995
686 1263 52.569314199999916
687 1072 52.73916090000001
688 1073 52.38684059999998
689 1089 52.337516200000024
690 1116 52.21395810000002
691 1110 52.50298159999998
692 1076 52.50602469999999
693 1110 52.51087179999996
694 1131 52.55057219999994
695 1067 52.608259099999934
696 1085 52.628839800000044
697 1063 52.6903168
698 1052 52.594965699999925
699 1064 52.52533370000004
700 1086 52.487125599999956
701 1098 52.58446140000005
702 1073 52.24574859999997
703 1051 52.68562439999995
704 1039 52.496618899999966
705 1031 52.213080100000035
706 1044 52.49957559999998
707 1043 52.46885340000003
708 1050 52.53521190000007
709 1080 52.82501729999998
710 1106 52.77373409999993
711 1090 52.073954699999895
712 1125 52.650376600000044
713 1171 52.402389299999975
714 1047 52.62140030000007
715 1090 52.681758300000006
716 1080 52.38761379999999
717 1316 52.28602299999999
718 1141 52.5437513
719 1217 52.52110489999999
720 1119 52.18626880000008
721 1144 52.464504099999914
722 1172 52.36701160000007
723 1120 52.39752819999996
724 1129 52.67704210000008
725 1146 52.44179959999993
726 1047 52.69178729999994
727 1053 52.79355430000001
728 1057 52.43018509999996
729 1084 52.78235740000005
730 1050 52.532085999999985
731 1083 52.670656199999975
732 1055 52.52013129999992
733 1091 52.4849004
734 1017 52.429726099999996
735 1002 52.60725269999998
736 1044 52.64664360000002
737 1075 52.45289330000002
738 1067 52.410335199999956
739 1050 52.199352800000035
740 1066 52.308337599999966
741 1081 52.66810430000002
742 1091 52.48286630000006
743 1059 52.57525980000001
744 1092 52.46561579999997
745 1081 52.81796120000005
746 1074 52.345110999999974
747 1079 52.72980920000001
748 1063 52.33316299999997
749 1118 52.31492170000001
750 1071 52.509761700000055
751 1066 52.530969400000004
752 1040 52.72309020000007
753 1072 52.370922599999936
754 1077 52.30458960000006
755 1060 52.79016620000001
756 1091 52.28476320000009
757 1078 52.63863050000002
758 1137 52.79308909999996
759 1116 52.48204529999993
760 1072 52.55799199999994
761 1077 52.58559370000017
762 1125 52.61788509999996
763 1055 52.35025690000001
764 1068 52.715529000000025
765 1089 52.94132650000003
766 1140 52.97285580000001
767 1085 52.69137249999997
768 1082 52.69731460000004
769 1063 52.59892689999995
770 1144 52.63322930000004
771 1145 52.54955719999993
772 1103 52.20372939999999
773 1105 52.355093799999985
774 1114 52.49693969999994
775 1131 52.48203699999996
776 1106 53.0114007
777 1039 52.636557500000016
778 1109 52.892354800000085
779 1049 52.74859840000002
780 1042 52.780423900000045
781 1086 52.7284168999999
782 1071 52.95934019999992
783 1062 52.48617149999986
784 1057 52.84539009999999
785 1115 52.60903069999994
786 1114 52.572241400000046
787 1084 52.99242770000003
788 1037 52.65270739999997
789 1099 52.59708419999992
790 1101 52.53406109999989
791 1074 52.806844700000006
792 1102 52.84293100000002
793 1059 52.45607179999998
794 1058 52.830957100000006
795 1075 52.521486400000036
796 1062 52.64635849999997
797 1101 52.535249200000024
798 1097 52.56263209999995
799 1092 52.184472400000004
800 1066 52.75770489999993
801 1067 52.86696040000009
802 1100 52.81776040000006
803 1044 53.076148399999994
804 1076 52.653026700000005
805 1064 52.336840799999955
806 1075 52.74898729999993
807 1071 52.986760199999935
808 1060 52.478672299999964
809 1071 52.385850999999946
810 1071 52.46899129999996
811 1048 52.55647479999986
812 1058 52.55393770000007
813 1048 52.43533430000005
814 1083 52.19948929999999
815 1071 52.77040210000005
816 1116 52.419905199999995
817 1116 52.252384000000056
818 1101 52.451947199999964
819 1086 52.4730127
820 1112 52.33576910000007
821 1142 52.39353019999998
822 1091 52.42771149999996
823 1090 52.5212249
824 1090 52.55258250000003
825 1101 52.331811299999984
826 1091 52.50522919999998
827 1081 52.428596299999946
828 1120 52.29235109999999
829 1098 52.604515799999966
830 1090 52.555203300000066
831 1129 52.50984609999994
832 1098 52.639372100000024
833 1146 52.12794729999995
834 1085 52.38188439999999
835 1066 52.42013119999999
836 1038 52.406899899999935
837 1057 52.5593137
838 1030 52.28516430000005
839 1000 52.58793889999996
840 1043 52.00746369999991
841 1051 52.59416669999994
842 1042 52.54032170000012
843 1057 52.456874199999994
844 1027 52.27220350000003
845 1038 52.1617331
846 1081 52.22750519999997
847 1066 52.19070740000002
848 1084 52.5315818
849 1071 52.307796699999976
850 1078 52.298755899999975
851 1071 52.301051699999995
852 1088 51.926552500000035
853 1088 52.11742030000001
854 1089 52.86517790000005
855 1111 52.186260199999936
856 1053 52.35661800000002
857 1133 52.27978409999993
858 1077 52.073802200000074
859 1102 52.155564699999964
860 1059 52.250736499999945
861 1060 52.534303000000094
862 1012 52.0567125
863 1083 52.28253029999994
864 1083 52.011598599999985
865 1078 52.51761160000003
866 1061 52.31698239999995
867 1021 51.90145399999995
868 1034 52.175778800000025
869 1091 52.231821699999955
870 1066 52.01269240000004
871 1130 52.20565709999998
872 1058 52.51749759999998
873 1063 52.60168040000001
874 1093 51.99856140000005
875 1092 52.494298699999966
876 1163 52.15447039999991
877 1069 52.444687599999945
878 1052 52.27222119999997
879 1053 52.48771829999995
880 1100 52.51157469999993
881 1133 52.16791319999998
882 1054 51.85881849999995
883 1057 52.142616200000035
884 1077 52.062388800000136
885 1006 52.40821660000002
886 1115 52.51086610000003
887 1014 52.42670039999999
888 996 51.8644175
889 1052 52.00762650000005
890 1039 52.503753899999936
891 1056 52.09743999999999
892 1089 52.051328700000035
893 1067 52.52776459999999
894 1035 52.22441050000002
895 1041 52.21966240000002
896 1035 52.30762009999999
897 1094 52.22612149999999
898 1078 51.767514800000036
899 1098 52.33028219999996
900 1038 51.81687259999996
901 1067 52.14522559999994
902 1055 52.56491369999997
903 1031 52.33690440000006
904 1083 52.19763969999998
905 1061 52.15006000000002
906 1048 51.80379120000004
907 1018 52.345958800000076
908 1050 52.23797250000001
909 1104 51.99711899999999
910 1070 52.08196230000002
911 1063 52.485166999999976
912 1072 52.08461410000006
913 1033 52.429474100000014
914 1136 52.06265929999986
915 1019 52.08406270000006
916 1048 52.03269509999999
917 1060 51.74321419999997
918 1028 52.07556609999996
919 993 51.8866803
920 1037 52.249866200000014
921 1003 51.98987190000001
922 1011 52.22461540000002
923 1028 52.16792729999994
924 1021 51.819572699999995
925 1043 52.1557225
926 1046 51.74601380000002
927 1092 51.92298160000006
928 1071 52.21367830000003
929 1031 51.87324949999994
930 1035 52.02736070000004
931 1044 51.87604570000002
932 1044 52.13246500000002
933 1040 52.32099080000001
934 1110 51.93807850000004
935 1028 52.19658549999994
936 1045 52.09990379999999
937 1090 52.05172170000007
938 1041 52.20103069999998
939 1038 52.068082900000014
940 1014 51.931986099999996
941 1129 51.899960600000014
942 1056 52.01741769999988
943 1036 52.06539860000001
944 1042 51.93104340000002
945 1054 52.02699680000001
946 1040 52.23480350000005
947 1034 51.75773000000002
948 1078 52.03468159999994
949 1057 52.35253249999999
950 1121 51.95363050000007
951 1056 52.02659879999998
952 1150 51.94042450000002
953 1076 52.30189380000006
954 1140 51.943751600000056
955 1215 52.17878499999989
956 1219 52.00961809999997
957 1104 51.79110579999991
958 1089 51.91997229999997
959 1088 51.81686200000009
960 1065 51.72153010000001
961 1100 52.10085819999992
962 1100 52.28872769999999
963 1097 51.747032
964 1037 52.201939500000016
965 1083 52.01092299999995
966 1066 52.21995030000005
967 1062 51.76444939999998
968 1052 51.93548159999997
969 1210 52.009669899999984
970 1114 52.096599699999985
971 1009 51.98343969999998
972 1014 51.77120240000002
973 1035 51.92923320000008
974 1046 52.20072349999996
975 1041 52.14920120000005
976 1053 51.429480299999966
977 1057 52.091071500000005
978 1036 51.924645800000015
979 1007 52.21653040000002
980 1086 51.74942679999999
981 1052 52.09683129999995
982 1089 51.96514679999994
983 1108 51.90329790000008
984 1038 51.89873769999997
985 1005 52.261816199999934
986 1049 51.747679199999986
987 1041 51.48701110000002
988 1099 52.068587800000046
989 1026 51.818394999999974
990 1041 51.89010679999994
991 1031 52.13799520000005
992 1015 51.60316199999997
993 979 52.049020399999975
994 969 51.806384700000024
995 1002 51.56211979999996
996 1012 51.53424789999995
997 1023 51.923412400000004
998 1006 51.89493359999996
999 994 51.56580080000002
