0 11060 52.788316700000195
1 10979 52.684518399999945
2 10837 52.854493400000166
3 10746 52.81309929999983
4 10776 52.75712690000009
5 10818 52.70197990000022
6 10930 52.6401316999999
7 10728 52.79081859999978
8 11105 52.6824718
9 10739 52.65166229999987
10 10762 52.765166500000085
11 10728 52.66602419999983
12 10802 52.77553039999997
13 10912 52.694435899999824
14 10851 52.657636599999854
15 10819 52.80056380000012
16 10786 52.724810799999965
17 11068 52.79119429999984
18 11331 52.67187850000003
19 10879 52.75405430000011
20 10866 52.7044885
21 11067 52.69239509999971
22 11041 52.635601399999956
23 10870 52.66990559999995
24 10824 52.65847590000016
25 10846 52.70454579999972
26 10905 52.68535700000003
27 10860 52.64663229999999
28 10780 52.62476150000046
29 10760 52.633439299999736
30 10857 52.61625120000005
31 10694 52.683263499999946
32 10753 52.66300050000012
33 10703 52.69246210000003
34 10772 52.70334780000002
35 10661 52.66712410000007
36 10791 52.731319600000056
37 10711 52.66403609999991
38 11047 52.578219499999925
39 10954 52.69140359999982
40 10850 52.619344499999904
41 10951 52.59937530000021
42 10774 52.64980930000017
43 10715 52.74589230000013
44 10683 52.718132100000034
45 10906 52.61545190000003
46 10743 52.714881600000055
47 10763 52.69453829999997
48 10752 52.77889170000006
49 10643 52.7399584
50 10715 52.78017370000001
51 10916 52.7165452999999
52 10932 52.78507129999979
53 10915 52.70580949999989
54 10873 52.60084769999985
55 10610 52.69237650000014
56 10733 52.667663299999916
57 10726 52.63450300000002
58 10735 52.66816970000005
59 10705 52.69330140000025
60 10777 52.611289100000036
61 10797 52.64490180000009
62 10732 52.608318500000415
63 10649 52.66558140000002
64 10824 52.56472159999996
65 10768 52.62130690000028
66 10671 52.61647219999995
67 10742 52.553934200000086
68 10748 52.5888285
69 10892 52.73801179999984
70 10779 52.63584380000012
71 10787 52.670713400000146
72 10770 52.76208230000015
73 10836 52.781813299999996
74 10910 52.742035100000166
75 10777 52.71781600000014
76 10871 52.74149989999986
77 11035 52.6977797000002
78 11043 52.77409959999976
79 10768 52.727317600000184
80 10972 52.776400699999925
81 11066 52.8108272999999
82 11036 52.8342062
83 10876 52.67863350000011
84 10968 52.79993459999978
85 10896 52.77796760000002
86 10955 52.80579149999971
87 10974 52.77827850000002
88 10960 52.81556809999999
89 11031 52.72774679999982
90 11035 52.743509400000065
91 10880 52.717986800000375
92 10829 52.697689200000056
93 10911 52.791491499999836
94 11183 52.73082190000022
95 10906 52.75774860000002
96 10836 52.82111559999998
97 10950 52.78299150000001
98 10983 52.64599830000001
99 10936 52.747885699999976
