0 2
1 10
2 1
3 2
4 2
5 2
6 11
7 2
8 7
9 1
10 5
11 1
12 4
13 1
14 2
15 2
16 2
17 2
18 2
19 2
20 1
21 2
22 1
23 3
24 4
25 3
26 5
27 2
28 3
29 3
30 7
31 4
32 13
33 7
34 54
35 48
36 50
37 76
38 2
39 19
40 9
41 4
42 2
43 4
44 5
45 59
46 5
47 7
48 10
49 0
50 75
51 0
52 1
53 0
54 0
55 8
56 0
57 2
58 0
59 1
60 3
61 45
62 3
63 4
64 8
65 1
66 2
67 51
68 5
69 56
70 3
71 2
72 280
73 19
74 7
75 2
76 3
77 2
78 38
79 127
80 16
81 3
82 4
83 0
84 2
85 2
86 1
87 141
88 5
89 99
90 3
91 3
92 1
93 269
94 3
95 18
96 1
97 1
98 5
99 1
100 28
101 1
102 1
103 0
104 4
105 8
106 1
107 11
108 1
109 2
110 1
111 1
112 5
113 0
114 4
115 0
116 2
117 1
118 1
119 0
120 1
121 11
122 10
123 328
124 0
125 2
126 0
127 11
128 18
129 1
130 2
131 1
132 11
133 0
134 1
135 15
136 0
137 15
138 49
139 1
140 0
141 1
142 0
143 1
144 4
145 12
146 2
147 16
148 1
149 2
150 1
151 7
152 1
153 1
154 0
155 0
156 1
157 1
158 0
159 17
160 2
161 191
162 5
163 3
164 3
165 21
166 2
167 0
168 117
169 7
170 2
171 1
172 2
173 2
174 160
175 0
176 3
177 0
178 1
179 3
180 4
181 1
182 1
183 1
184 5
185 0
186 70
187 2
188 7
189 8
190 145
191 64
192 1
193 17
194 2
195 39
196 6
197 6
198 3
199 6
200 1
201 0
202 2
203 0
204 48
205 1
206 0
207 1
208 0
209 8
210 8
211 2
212 10
213 1
214 20
215 1
216 21
217 2
218 9
219 12
220 1
221 5
222 3
223 19
224 118
225 40
226 3
227 1
228 6
229 12
230 159
231 12
232 144
233 3
234 0
235 26
236 1
237 0
238 50
239 6
240 0
241 0
242 2
243 1
244 1
245 1
246 19
247 0
248 0
249 193
250 9
251 6
252 360
253 16
254 3
255 32
256 9
257 21
258 54
259 0
260 2
261 1
262 4
263 8
264 2
265 2
266 667
267 13
268 10
269 352
270 2
271 12
272 13
273 1
274 6
275 0
276 2
277 0
278 0
279 7
280 2
281 5
282 6
283 5
284 0
285 26
286 41
287 0
288 4
289 1
290 6
291 4
292 4
293 6
294 11
295 26
296 373
297 8
298 134
299 0
300 2
301 3
302 5
303 4
304 3
305 0
306 0
307 4
308 6
309 7
310 0
311 2
312 6
313 5
314 17
315 4
316 4
317 0
318 89
319 0
320 17
321 0
322 65
323 3
324 5
325 1
326 3
327 1
328 30
329 21
330 3
331 146
332 4
333 7
334 4
335 1
336 151
337 12
338 0
339 0
340 0
341 9
342 284
343 4
344 5
345 0
346 0
347 390
348 3
349 0
350 0
351 0
352 0
353 2
354 0
355 1
356 15
357 1
358 4
359 1
360 661
361 98
362 10
363 0
364 2
365 5
366 1
367 17
368 2
369 90
370 5
371 127
372 23
373 1
374 1
375 0
376 0
377 59
378 1
379 7
380 6
381 12
382 2
383 319
384 2
385 8
386 9
387 136
388 0
389 15
390 15
391 2
392 3
393 0
394 314
395 2
396 140
397 0
398 7
399 1
400 30
401 9
402 83
403 1
404 3
405 3
406 3
407 3
408 4
409 1
410 6
411 4
412 0
413 1
414 0
415 4
416 1
417 606
418 8
419 1
420 24
421 2
422 13
423 4
424 6
425 2
426 119
427 2
428 2
429 154
430 0
431 10
432 1
433 0
434 155
435 2
436 4
437 22
438 2
439 348
440 13
441 41
442 11
443 4
444 0
445 12
446 0
447 7
448 31
449 63
450 5
451 568
452 7
453 1
454 0
455 2
456 0
457 0
458 0
459 5
460 8
461 4
462 2
463 4
464 2
465 5
466 48
467 2
468 1
469 10
470 6
471 1
472 1
473 1
474 1
475 14
476 1
477 2
478 1
479 1
480 32
481 0
482 5
483 0
484 0
485 0
486 7
487 0
488 3
489 2
490 165
491 1
492 1
493 2
494 23
495 0
496 6
497 1
498 163
499 37
500 464
501 1
502 1
503 73
504 0
505 5
506 0
507 0
508 4
509 4
510 6
511 53
512 0
513 360
514 0
515 53
516 0
517 0
518 1
519 25
520 10
521 2
522 1
523 1
524 328
525 4
526 7
527 6
528 5
529 1
530 27
531 4
532 1
533 4
534 12
535 60
536 192
537 14
538 1
539 678
540 1466
541 1
542 592
543 1
544 296
545 4
546 86
547 0
548 136
549 467
550 0
551 449
552 0
553 29
554 371
555 143
556 19
557 6
558 1
559 1
560 10
561 5
562 263
563 157
564 26
565 4
566 775
567 1
568 3
569 57
570 4
571 4
572 236
573 1
574 158
575 2
576 0
577 54
578 0
579 5
580 13
581 13
582 129
583 22
584 10
585 0
586 807
587 0
588 0
589 17
590 8
591 0
592 84
593 6
594 9
595 9
596 2
597 4
598 4
599 437
600 0
601 0
602 0
603 13
604 1
605 10
606 7
607 174
608 4
609 2
610 6
611 1
612 3
613 9
614 13
615 4
616 1
617 8
618 2
619 5
620 15
621 10
622 34
623 58
624 4
625 8
626 27
627 326
628 11
629 7
630 9
631 1
632 64
633 5
634 3
635 461
636 6
637 2
638 10
639 5
640 1005
641 0
642 8
643 382
644 0
645 90
646 0
647 7
648 1
649 12
650 0
651 1
652 1
653 18
654 357
655 0
656 0
657 0
658 5
659 0
660 3
661 1
662 4
663 3
664 6
665 4
666 2
667 18
668 1
669 50
670 1
671 1
672 4
673 9
674 1
675 0
676 9
677 3
678 9
679 0
680 0
681 5
682 443
683 14
684 0
685 6
686 5
687 3
688 1
689 80
690 2
691 12
692 3
693 3
694 2
695 3
696 2
697 7
698 434
699 95
700 1004
701 0
702 87
703 0
704 9
705 47
706 13
707 59
708 4
709 5
710 151
711 0
712 5
713 5
714 22
715 2
716 194
717 46
718 2
719 15
720 200
721 53
722 0
723 561
724 1
725 1
726 2
727 5
728 10
729 3
730 0
731 0
732 9
733 0
734 7
735 0
736 7
737 70
738 0
739 2
740 0
741 156
742 0
743 1
744 5
745 1075
746 1
747 3
748 331
749 1
750 5
751 5
752 3
753 0
754 0
755 0
756 22
757 2
758 95
759 0
760 0
761 7
762 0
763 19
764 0
765 16
766 0
767 0
768 9
769 1
770 14
771 219
772 5
773 1
774 5
775 7
776 1
777 0
778 53
779 57
780 73
781 1
782 33
783 6
784 11
785 13
786 1
787 8
788 94
789 0
790 7
791 18
792 3
793 0
794 40
795 0
796 15
797 59
798 0
799 22
800 1
801 7
802 331
803 0
804 40
805 0
806 116
807 0
808 0
809 49
810 1
811 14
812 14
813 5
814 1
815 42
816 1
817 3
818 566
819 50
820 4
821 1
822 0
823 0
824 0
825 12
826 0
827 0
828 1
829 1
830 12
831 5
832 0
833 0
834 375
835 1
836 0
837 9
838 0
839 1
840 0
841 1
842 0
843 1
844 0
845 1
846 0
847 0
848 1
849 2
850 1
851 1
852 0
853 4
854 0
855 11
856 0
857 4
858 0
859 0
860 0
861 0
862 0
863 0
864 1
865 1
866 19
867 1
868 0
869 70
870 1
871 3
872 0
873 29
874 8
875 0
876 0
877 0
878 24
879 0
880 4
881 0
882 0
883 0
884 0
885 1
886 4
887 54
888 2
889 3
890 2
891 1
892 7
893 0
894 0
895 0
896 0
897 0
898 0
899 0
900 1
901 5
902 1
903 0
904 0
905 2
906 0
907 0
908 0
909 24
910 0
911 67
912 1
913 64
914 1
915 4
916 1
917 158
918 4
919 8
920 14
921 0
922 0
923 4
924 2
925 1
926 38
927 0
928 0
929 0
930 14
931 4
932 0
933 0
934 21
935 1
936 0
937 0
938 1
939 0
940 6
941 1
942 1
943 10
944 1
945 38
946 9
947 302
948 0
949 0
950 1
951 3
952 100
953 1
954 18
955 24
956 624
957 8
958 2
959 1
960 1
961 1
962 1
963 31
964 13
965 0
966 1
967 1
968 2
969 1
970 4
971 278
972 2
973 92
974 11
975 0
976 1
977 17
978 68
979 0
980 0
981 43
982 1
983 14
984 9
985 20
986 1
987 0
988 0
989 0
990 103
991 0
992 4
993 1
994 240
995 6
996 0
997 0
998 0
999 1
1000 0
1001 0
1002 1
1003 3
1004 14
1005 1
1006 2
1007 4
1008 26
1009 33
1010 0
1011 25
1012 0
1013 17
1014 6
1015 1
1016 5
1017 2
1018 0
1019 61
1020 0
1021 6
1022 0
1023 548
1024 2
1025 12
1026 5
1027 3
1028 0
1029 617
1030 5
1031 5
1032 5
1033 1
1034 6
1035 2
1036 20
1037 53
1038 7
1039 7
1040 6
1041 7
1042 2
1043 3
1044 1
1045 3
1046 0
1047 2
1048 7
1049 54
1050 0
1051 6
1052 0
1053 1
1054 4
1055 44
1056 5
1057 39
1058 4
1059 0
1060 0
1061 1
1062 5
1063 4
1064 2
1065 517
1066 728
1067 2
1068 150
1069 5
1070 474
1071 12
1072 24
1073 0
1074 71
1075 0
1076 21
1077 0
1078 15
1079 1
1080 8
1081 0
1082 0
1083 225
1084 14
1085 81
1086 2
1087 31
1088 8
1089 0
1090 5
1091 0
1092 5
1093 0
1094 28
1095 0
1096 19
1097 1
1098 1
1099 0
1100 45
1101 0
1102 0
1103 661
1104 0
1105 1
1106 28
1107 1
1108 201
1109 10
1110 58
1111 125
1112 0
1113 84
1114 0
1115 7
1116 1
1117 3
1118 0
1119 0
1120 8
1121 0
1122 5
1123 6
1124 6
1125 1
1126 7
1127 3
1128 8
1129 0
1130 178
1131 0
1132 1
1133 4
1134 4
1135 14
1136 1
1137 20
1138 1
1139 11
1140 8
1141 13
1142 28
1143 4
1144 35
1145 2
1146 6
1147 1
1148 1
1149 1
1150 3
1151 0
1152 4
1153 9
1154 3
1155 2
1156 8
1157 2
1158 1
1159 14
1160 7
1161 8
1162 1
1163 6
1164 2
1165 21
1166 12
1167 38
1168 16
1169 2
1170 2
1171 8
1172 2
1173 1
1174 32
1175 1
1176 10
1177 7
1178 5
1179 0
1180 2
1181 4
1182 2
1183 5
1184 2
1185 14
1186 272
1187 7
1188 2
1189 611
1190 1
1191 4
1192 1
1193 8
1194 39
1195 14
1196 25
1197 2
1198 4
1199 0
1200 4
1201 315
1202 0
1203 898
1204 5
1205 3
1206 45
1207 1
1208 3
1209 1
1210 35
1211 4
1212 12
1213 4
1214 3
1215 1
1216 10
1217 2
1218 37
1219 1
1220 3
1221 7
1222 0
1223 3
1224 3
1225 7
1226 7
1227 0
1228 12
1229 0
1230 6
1231 0
1232 7
1233 0
1234 8
1235 4
1236 5
1237 2
1238 6
1239 4
1240 1
1241 5
1242 1
1243 12
1244 6
1245 1
1246 1
1247 80
1248 0
1249 3
1250 1
1251 4
1252 4
1253 5
1254 0
1255 5
1256 6
1257 3
1258 6
1259 6
1260 15
1261 7
1262 8
1263 31
1264 32
1265 10
1266 4
1267 2
1268 7
1269 2
1270 73
1271 0
1272 5
1273 0
1274 3
1275 1
1276 0
1277 8
1278 0
1279 2
1280 1
1281 1
1282 14
1283 2
1284 21
1285 0
1286 4
1287 1
1288 4
1289 2
1290 5
1291 0
1292 7
1293 3
1294 15
1295 7
1296 10
1297 1
1298 48
1299 1
1300 87
1301 2
1302 39
1303 3
1304 12
1305 3
1306 7
1307 0
1308 4
1309 8
1310 169
1311 65
1312 0
1313 0
1314 3
1315 14
1316 25
1317 6
1318 5
1319 883
1320 25
1321 0
1322 690
1323 1
1324 38
1325 0
1326 0
1327 2
1328 17
1329 5
1330 47
1331 31
1332 0
1333 0
1334 216
1335 1
1336 4
1337 17
1338 0
1339 3
1340 6
1341 4
1342 6
1343 3
1344 46
1345 281
1346 0
1347 105
1348 2
1349 12
1350 0
1351 691
1352 4
1353 22
1354 2
1355 0
1356 0
1357 14
1358 0
1359 115
1360 0
1361 34
1362 21
1363 0
1364 14
1365 0
1366 20
1367 92
1368 54
1369 52
1370 2
1371 11
1372 21
1373 30
1374 13
1375 24
1376 1
1377 40
1378 0
1379 21
1380 5
1381 0
1382 5
1383 0
1384 2
1385 3
1386 394
1387 0
1388 5
1389 2
1390 0
1391 4
1392 0
1393 2
1394 1
1395 0
1396 48
1397 94
1398 3
1399 3
1400 35
1401 0
1402 46
1403 0
1404 10
1405 0
1406 5
1407 14
1408 2
1409 20
1410 0
1411 5
1412 1
1413 7
1414 0
1415 0
1416 0
1417 3
1418 0
1419 6
1420 0
1421 11
1422 176
1423 10
1424 2
1425 6
1426 3
1427 22
1428 8
1429 10
1430 38
1431 186
1432 8
1433 3
1434 6
1435 48
1436 5
1437 1
1438 4
1439 34
1440 0
1441 10
1442 0
1443 223
1444 2
1445 7
1446 0
1447 4
1448 4
1449 9
1450 37
1451 1
1452 74
1453 122
1454 0
1455 0
1456 2
1457 22
1458 6
1459 3
1460 0
1461 8
1462 516
1463 0
1464 2
1465 3
1466 3
1467 0
1468 6
1469 2
1470 17
1471 2
1472 116
1473 1
1474 8
1475 2
1476 2
1477 8
1478 7
1479 1
1480 3
1481 1
1482 2
1483 1
1484 0
1485 0
1486 3
1487 1
1488 0
1489 7
1490 1
1491 1
1492 4
1493 0
1494 20
1495 0
1496 0
1497 2
1498 0
1499 2
1500 5
1501 2
1502 2
1503 3
1504 0
1505 2
1506 5
1507 0
1508 1
1509 0
1510 67
1511 2
1512 1
1513 7
1514 2
1515 12
1516 0
1517 21
1518 0
1519 9
1520 2
1521 68
1522 3
1523 6
1524 10
1525 9
1526 29
1527 8
1528 0
1529 3
1530 0
1531 2
1532 0
1533 5
1534 6
1535 139
1536 7
1537 0
1538 0
1539 2
1540 0
1541 5
1542 8
1543 26
1544 395
1545 40
1546 16
1547 58
1548 5
1549 1
1550 4
1551 3
1552 5
1553 3
1554 6
1555 6
1556 1
1557 6
1558 1
1559 2
1560 4
1561 0
1562 7
1563 0
1564 57
1565 101
1566 454
1567 1
1568 2
1569 4
1570 5
1571 1
1572 4
1573 1
1574 6
1575 36
1576 4
1577 3
1578 1
1579 66
1580 16
1581 10
1582 1
1583 1
1584 9
1585 1
1586 7
1587 0
1588 0
1589 1
1590 0
1591 38
1592 1
1593 400
1594 27
1595 2
1596 1
1597 338
1598 39
1599 9
1600 5
1601 7
1602 0
1603 6
1604 3
1605 14
1606 7
1607 3
1608 4
1609 24
1610 429
1611 4
1612 27
1613 1
1614 2
1615 1
1616 7
1617 2
1618 2
1619 8
1620 1
1621 7
1622 0
1623 31
1624 3
1625 6
1626 1
1627 7
1628 4
1629 17
1630 16
1631 17
1632 3
1633 21
1634 3
1635 46
1636 3
1637 15
1638 2
1639 33
1640 14
1641 298
1642 0
1643 16
1644 0
1645 14
1646 57
1647 1
1648 3
1649 5
1650 15
1651 2
1652 0
1653 84
1654 15
1655 0
1656 28
1657 30
1658 37
1659 0
1660 695
1661 2
1662 78
1663 0
1664 144
1665 9
1666 1
1667 27
1668 1
1669 44
1670 4
1671 58
1672 29
1673 20
1674 2
1675 73
1676 2
1677 12
1678 3
1679 26
1680 16
1681 24
1682 34
1683 2
1684 81
1685 1
1686 29
1687 1
1688 3
1689 3
1690 0
1691 6
1692 0
1693 3
1694 1
1695 5
1696 3
1697 12
1698 0
1699 25
1700 1
1701 7
1702 0
1703 1
1704 25
1705 6
1706 1
1707 2
1708 2
1709 7
1710 14
1711 10
1712 3
1713 6
1714 3
1715 0
1716 0
1717 1
1718 6
1719 6
1720 26
1721 54
1722 101
1723 43
1724 7
1725 0
1726 0
1727 4
1728 0
1729 0
1730 4
1731 0
1732 2
1733 3
1734 1
1735 7
1736 0
1737 4
1738 1
1739 2
1740 4
1741 78
1742 2
1743 2
1744 34
1745 1
1746 6
1747 7
1748 0
1749 9
1750 11
1751 7
1752 6
1753 4
1754 6
1755 7
1756 4
1757 2
1758 647
1759 30
1760 195
1761 25
1762 35
1763 12
1764 402
1765 2
1766 2
1767 3
1768 1
1769 8
1770 2
1771 2
1772 32
1773 0
1774 3
1775 0
1776 4
1777 1
1778 494
1779 1
1780 3
1781 7
1782 6
1783 651
1784 4
1785 31
1786 4
1787 48
1788 16
1789 2
1790 5
1791 3
1792 2
1793 3
1794 3
1795 1
1796 5
1797 4
1798 26
1799 1
1800 1
1801 2
1802 7
1803 2
1804 1
1805 0
1806 3
1807 0
1808 4
1809 0
1810 1
1811 0
1812 1
1813 24
1814 1
1815 2
1816 3
1817 1
1818 221
1819 0
1820 0
1821 1
1822 0
1823 1
1824 6
1825 2
1826 41
1827 1
1828 1
1829 4
1830 5
1831 9
1832 0
1833 1
1834 3
1835 1
1836 1
1837 0
1838 5
1839 2
1840 7
1841 4
1842 1
1843 25
1844 19
1845 2
1846 2
1847 4
1848 1
1849 0
1850 75
1851 0
1852 5
1853 5
1854 10
1855 5
1856 7
1857 12
1858 113
1859 3
1860 8
1861 5
1862 10
1863 6
1864 103
1865 5
1866 5
1867 32
1868 7
1869 54
1870 46
1871 4
1872 1
1873 0
1874 2
1875 7
1876 4
1877 1
1878 13
1879 3
1880 64
1881 0
1882 30
1883 4
1884 13
1885 7
1886 0
1887 1
1888 4
1889 0
1890 3
1891 4
1892 43
1893 0
1894 2
1895 9
1896 2
1897 18
1898 11
1899 20
1900 0
1901 5
1902 0
1903 3
1904 27
1905 0
1906 0
1907 4
1908 5
1909 1
1910 0
1911 2
1912 1
1913 1
1914 6
1915 1
1916 2
1917 4
1918 7
1919 1
1920 6
1921 2
1922 2
1923 4
1924 6
1925 47
1926 200
1927 2
1928 151
1929 58
1930 62
1931 3
1932 84
1933 3
1934 34
1935 4
1936 16
1937 1
1938 8
1939 4
1940 2
1941 34
1942 0
1943 11
1944 40
1945 0
1946 19
1947 7
1948 5
1949 7
1950 0
1951 7
1952 1
1953 1
1954 3
1955 0
1956 5
1957 0
1958 5
1959 1
1960 0
1961 6
1962 2
1963 1
1964 1
1965 7
1966 0
1967 0
1968 0
1969 0
1970 2
1971 0
1972 6
1973 10
1974 1
1975 3
1976 6
1977 1
1978 2
1979 4
1980 0
1981 3
1982 5
1983 9
1984 1
1985 2
1986 4
1987 1
1988 0
1989 0
1990 2
1991 0
1992 1
1993 0
1994 101
1995 3
1996 5
1997 1
1998 4
1999 7
2000 4
2001 0
2002 1
2003 3
2004 4
2005 12
2006 70
2007 3
2008 2
2009 8
2010 2
2011 5
2012 6
2013 3
2014 12
2015 2
2016 31
2017 0
2018 18
2019 1
2020 55
2021 6
2022 18
2023 1
2024 4
2025 12
2026 1
2027 1
2028 0
2029 6
2030 8
2031 9
2032 45
2033 6
2034 11
2035 5
2036 7
2037 1
2038 9
2039 1
2040 2
2041 9
2042 1
2043 1
2044 0
2045 0
2046 4
2047 0
2048 7
2049 2
2050 61
2051 5
2052 2
2053 2
2054 51
2055 1
2056 6
2057 4
2058 1
2059 70
2060 0
2061 1
2062 0
2063 327
2064 0
2065 4
2066 4
2067 0
2068 2
2069 4
2070 0
2071 5
2072 1
2073 1
2074 3
2075 1
2076 6
2077 1
2078 2
2079 0
2080 5
2081 4
2082 8
2083 1
2084 2
2085 404
2086 8
2087 70
2088 8
2089 12
2090 2
2091 4
2092 2
2093 0
2094 3
2095 6
2096 14
2097 6
2098 7
2099 51
2100 0
2101 0
2102 0
2103 0
2104 8
2105 6
2106 1
2107 2
2108 9
2109 0
2110 0
2111 1
2112 5
2113 0
2114 0
2115 0
2116 14
2117 1
2118 4
2119 8
2120 1
2121 298
2122 5
2123 10
2124 4
2125 2
2126 3
2127 0
2128 0
2129 0
2130 3
2131 7
2132 0
2133 65
2134 0
2135 576
2136 49
2137 2
2138 664
2139 0
2140 10
2141 32
2142 2
2143 103
2144 28
2145 1
2146 9
2147 4
2148 3
2149 6
2150 2
2151 3
2152 38
2153 1
2154 4
2155 13
2156 9
2157 2
2158 11
2159 12
2160 28
2161 1
2162 11
2163 6
2164 5
2165 17
2166 19
2167 0
2168 8
2169 8
2170 22
2171 538
2172 15
2173 0
2174 14
2175 72
2176 1
2177 7
2178 3
2179 3
2180 9
2181 12
2182 7
2183 7
2184 7
2185 0
2186 4
2187 31
2188 30
2189 3
2190 2
2191 7
2192 0
2193 5
2194 0
2195 9
2196 3
2197 39
2198 214
2199 51
2200 0
2201 7
2202 0
2203 6
2204 11
2205 28
2206 11
2207 14
2208 3
2209 4
2210 7
2211 7
2212 5
2213 5
2214 0
2215 7
2216 1
2217 6
2218 1
2219 12
2220 2
2221 1
2222 1
2223 162
2224 0
2225 25
2226 7
2227 31
2228 0
2229 47
2230 9
2231 36
2232 6
2233 407
2234 60
2235 16
2236 144
2237 14
2238 6
2239 4
2240 15
2241 1
2242 7
2243 5
2244 6
2245 12
2246 3
2247 4
2248 125
2249 5
2250 8
2251 6
2252 7
2253 3
2254 6
2255 0
2256 9
2257 5
2258 8
2259 5
2260 1
2261 0
2262 5
2263 3
2264 4
2265 2
2266 9
2267 302
2268 0
2269 8
2270 10
2271 6
2272 48
2273 6
2274 4
2275 2
2276 8
2277 16
2278 61
2279 502
2280 5
2281 51
2282 1
2283 8
2284 11
2285 2
2286 60
2287 219
2288 1
2289 6
2290 5
2291 72
2292 0
2293 57
2294 93
2295 9
2296 8
2297 6
2298 8
2299 75
2300 0
2301 22
2302 4
2303 6
2304 45
2305 7
2306 4
2307 1
2308 7
2309 5
2310 43
2311 6
2312 12
2313 4
2314 6
2315 2
2316 12
2317 5
2318 62
2319 3
2320 1
2321 7
2322 13
2323 2
2324 18
2325 15
2326 2
2327 19
2328 6
2329 6
2330 2
2331 7
2332 2
2333 1
2334 4
2335 0
2336 0
2337 8
2338 7
2339 2
2340 6
2341 0
2342 28
2343 15
2344 0
2345 7
2346 1
2347 5
2348 9
2349 4
2350 8
2351 17
2352 12
2353 2
2354 3
2355 2
2356 17
2357 10
2358 6
2359 1
2360 5
2361 5
2362 0
2363 1
2364 66
2365 9
2366 11
2367 1
2368 6
2369 0
2370 0
2371 2
2372 0
2373 2
2374 2
2375 2
2376 3
2377 4
2378 9
2379 1
2380 10
2381 2
2382 4
2383 18
2384 6
2385 7
2386 276
2387 5
2388 7
2389 3
2390 2
2391 3
2392 6
2393 9
2394 0
2395 1
2396 12
2397 9
2398 1
2399 82
2400 77
2401 7
2402 7
2403 4
2404 2
2405 4
2406 7
2407 5
2408 7
2409 0
2410 0
2411 7
2412 0
2413 0
2414 5
2415 1
2416 2
2417 4
2418 19
2419 7
2420 2
2421 6
2422 3
2423 3
2424 8
2425 3
2426 4
2427 29
2428 1
2429 7
2430 8
2431 0
2432 7
2433 4
2434 9
2435 4
2436 5
2437 20
2438 3
2439 6
2440 7
2441 55
2442 6
2443 8
2444 20
2445 2
2446 1
2447 1
2448 6
2449 0
2450 6
2451 1
2452 12
2453 9
2454 609
2455 54
2456 2
2457 6
2458 26
2459 7
2460 10
2461 14
2462 9
2463 9
2464 1
2465 7
2466 2
2467 5
2468 8
2469 56
2470 12
2471 3
2472 1
2473 4
2474 11
2475 5
2476 13
2477 2
2478 4
2479 4
2480 19
2481 2
2482 5
2483 56
2484 0
2485 58
2486 7
2487 7
2488 9
2489 5
2490 0
2491 0
2492 49
2493 7
2494 7
2495 44
2496 0
2497 88
2498 3
2499 39
2500 1
2501 5
2502 0
2503 56
2504 39
2505 0
2506 27
2507 1
2508 4
2509 7
2510 0
2511 95
2512 2
2513 2
2514 7
2515 1
2516 7
2517 9
2518 249
2519 8
2520 9
2521 8
2522 2
2523 6
2524 54
2525 6
2526 8
2527 7
2528 0
2529 11
2530 0
2531 4
2532 0
2533 3
2534 0
2535 9
2536 2
2537 21
2538 0
2539 24
2540 8
2541 11
2542 60
2543 26
2544 35
2545 5
2546 6
2547 21
2548 1
2549 15
2550 21
2551 1
2552 5
2553 0
2554 924
2555 7
2556 2
2557 4
2558 7
2559 5
2560 5
2561 5
2562 5
2563 6
2564 3
2565 2
2566 7
2567 0
2568 3
2569 4
2570 2
2571 14
2572 6
2573 14
2574 0
2575 7
2576 3
2577 7
2578 8
2579 9
2580 13
2581 6
2582 4
2583 1
2584 7
2585 3
2586 18
2587 7
2588 8
2589 90
2590 2
2591 11
2592 104
2593 4
2594 39
2595 5
2596 28
2597 0
2598 18
2599 42
2600 2
2601 29
2602 1
2603 57
2604 62
2605 71
2606 47
2607 7
2608 14
2609 7
2610 354
2611 0
2612 117
2613 1
2614 10
2615 4
2616 6
2617 6
2618 8
2619 16
2620 1
2621 20
2622 493
2623 143
2624 46
2625 71
2626 0
2627 53
2628 1
2629 3
2630 26
2631 0
2632 60
2633 0
2634 13
2635 72
2636 19
2637 3
2638 26
2639 3
2640 7
2641 0
2642 57
2643 3
2644 1
2645 23
2646 20
2647 4
2648 8
2649 5
2650 0
2651 18
2652 0
2653 2
2654 4
2655 5
2656 0
2657 1
2658 27
2659 7
2660 10
2661 18
2662 0
2663 425
2664 9
2665 7
2666 4
2667 10
2668 5
2669 7
2670 7
2671 0
2672 9
2673 0
2674 1
2675 8
2676 2
2677 7
2678 22
2679 0
2680 9
2681 130
2682 1
2683 2
2684 6
2685 1
2686 14
2687 6
2688 6
2689 5
2690 25
2691 3
2692 3
2693 6
2694 11
2695 5
2696 10
2697 10
2698 9
2699 6
2700 15
2701 7
2702 4
2703 0
2704 0
2705 1
2706 53
2707 21
2708 229
2709 3
2710 0
2711 1
2712 1
2713 6
2714 7
2715 8
2716 6
2717 5
2718 1
2719 74
2720 10
2721 7
2722 5
2723 29
2724 1
2725 1
2726 5
2727 8
2728 7
2729 10
2730 102
2731 0
2732 11
2733 0
2734 64
2735 0
2736 4
2737 9
2738 4
2739 8
2740 22
2741 1
2742 12
2743 6
2744 3
2745 5
2746 9
2747 3
2748 3
2749 0
2750 0
2751 5
2752 0
2753 6
2754 0
2755 1
2756 1
2757 4
2758 10
2759 142
2760 7
2761 1
2762 2
2763 1
2764 20
2765 5
2766 0
2767 55
2768 24
2769 107
2770 3
2771 1
2772 2
2773 6
2774 33
2775 8
2776 4
2777 7
2778 4
2779 32
2780 0
2781 50
2782 3
2783 8
2784 1
2785 5
2786 48
2787 4
2788 0
2789 1
2790 11
2791 316
2792 8
2793 65
2794 11
2795 627
2796 414
2797 89
2798 12
2799 7
2800 1
2801 2
2802 2
2803 11
2804 0
2805 74
2806 3
2807 79
2808 7
2809 7
2810 44
2811 37
2812 3
2813 6
2814 7
2815 1
2816 7
2817 4
2818 538
2819 1
2820 6
2821 46
2822 1
2823 5
2824 3
2825 4
2826 3
2827 0
2828 14
2829 0
2830 6
2831 16
2832 0
2833 0
2834 7
2835 0
2836 7
2837 4
2838 8
2839 10
2840 0
2841 3
2842 2
2843 6
2844 0
2845 0
2846 4
2847 0
2848 45
2849 5
2850 5
2851 0
2852 0
2853 0
2854 4
2855 15
2856 7
2857 2
2858 7
2859 4
2860 7
2861 0
2862 113
2863 3
2864 6
2865 2
2866 9
2867 7
2868 4
2869 7
2870 1
2871 2
2872 0
2873 0
2874 3
2875 2
2876 2
2877 12
2878 4
2879 1
2880 11
2881 2
2882 4
2883 12
2884 19
2885 7
2886 46
2887 6
2888 2
2889 12
2890 4
2891 0
2892 4
2893 0
2894 9
2895 3
2896 3
2897 0
2898 5
2899 4
2900 4
2901 38
2902 0
2903 14
2904 0
2905 12
2906 0
2907 8
2908 5
2909 0
2910 50
2911 0
2912 5
2913 5
2914 82
2915 1
2916 3
2917 0
2918 17
2919 7
2920 3
2921 4
2922 8
2923 9
2924 12
2925 1
2926 7
2927 1
2928 5
2929 10
2930 1
2931 4
2932 5
2933 15
2934 3
2935 17
2936 4
2937 65
2938 7
2939 7
2940 0
2941 5
2942 0
2943 6
2944 0
2945 5
2946 5
2947 2
2948 5
2949 7
2950 3
2951 0
2952 6
2953 0
2954 10
2955 4
2956 4
2957 1
2958 6
2959 7
2960 0
2961 5
2962 1
2963 9
2964 8
2965 4
2966 416
2967 10
2968 3
2969 113
2970 0
2971 4
2972 5
2973 22
2974 7
2975 5
2976 0
2977 40
2978 6
2979 0
2980 3
2981 2
2982 28
2983 6
2984 35
2985 8
2986 5
2987 0
2988 5
2989 0
2990 1
2991 1
2992 11
2993 4
2994 5
2995 0
2996 8
2997 0
2998 6
2999 1
3000 0
3001 5
3002 8
3003 0
3004 11
3005 2
3006 9
3007 8
3008 9
3009 13
3010 7
3011 0
3012 8
3013 0
3014 2
3015 3
3016 6
3017 8
3018 10
3019 9
3020 29
3021 3
3022 10
3023 8
3024 7
3025 1
3026 6
3027 1
3028 10
3029 4
3030 11
3031 6
3032 0
3033 5
3034 3
3035 11
3036 22
3037 1
3038 6
3039 10
3040 7
3041 9
3042 9
3043 3
3044 19
3045 1
3046 0
3047 63
3048 0
3049 9
3050 451
3051 0
3052 9
3053 5
3054 6
3055 0
3056 1
3057 7
3058 4
3059 8
3060 4
3061 4
3062 11
3063 653
3064 53
3065 47
3066 9
3067 6
3068 5
3069 4
3070 0
3071 12
3072 6
3073 1
3074 8
3075 7
3076 7
3077 1
3078 5
3079 0
3080 14
3081 5
3082 3
3083 5
3084 8
3085 0
3086 22
3087 50
3088 2
3089 6
3090 41
3091 2
3092 0
3093 6
3094 7
3095 12
3096 1
3097 4
3098 4
3099 6
3100 0
3101 77
3102 0
3103 7
3104 0
3105 9
3106 2
3107 0
3108 4
3109 7
3110 0
3111 5
3112 0
3113 13
3114 0
3115 0
3116 0
3117 25
3118 7
3119 8
3120 5
3121 5
3122 48
3123 10
3124 18
3125 4
3126 14
3127 1
3128 11
3129 0
3130 4
3131 402
3132 3
3133 386
3134 9
3135 2
3136 2
3137 6
3138 5
3139 706
3140 5
3141 0
3142 10
3143 57
3144 0
3145 11
3146 1
3147 12
3148 37
3149 2
3150 1
3151 20
3152 14
3153 0
3154 60
3155 0
3156 3
3157 0
3158 8
3159 4
3160 47
3161 10
3162 7
3163 1
3164 1
3165 7
3166 7
3167 0
3168 0
3169 9
3170 0
3171 1
3172 5
3173 9
3174 4
3175 4
3176 10
3177 4
3178 4
3179 0
3180 3
3181 9
3182 6
3183 5
3184 17
3185 17
3186 6
3187 0
3188 1
3189 9
3190 0
3191 0
3192 28
3193 0
3194 6
3195 0
3196 5
3197 0
3198 6
3199 0
3200 8
3201 3
3202 4
3203 1
3204 4
3205 6
3206 9
3207 14
3208 8
3209 15
3210 5
3211 3
3212 4
3213 3
3214 1
3215 9
3216 27
3217 0
3218 2
3219 2
3220 56
3221 3
3222 3
3223 64
3224 3
3225 3
3226 9
3227 8
3228 173
3229 3
3230 10
3231 84
3232 19
3233 17
3234 10
3235 13
3236 5
3237 8
3238 4
3239 4
3240 6
3241 1
3242 4
3243 0
3244 42
3245 14
3246 5
3247 11
3248 5
3249 6
3250 54
3251 9
3252 6
3253 1
3254 3
3255 3
3256 1
3257 8
3258 5
3259 5
3260 6
3261 3
3262 7
3263 11
3264 4
3265 11
3266 24
3267 0
3268 18
3269 11
3270 8
3271 4
3272 0
3273 7
3274 6
3275 3
3276 656
3277 7
3278 1
3279 10
3280 33
3281 14
3282 4
3283 5
3284 12
3285 9
3286 0
3287 0
3288 8
3289 4
3290 14
3291 5
3292 6
3293 6
3294 0
3295 9
3296 7
3297 3
3298 11
3299 9
3300 73
3301 53
3302 26
3303 2
3304 9
3305 0
3306 7
3307 1
3308 4
3309 0
3310 8
3311 4
3312 2
3313 0
3314 7
3315 3
3316 6
3317 4
3318 8
3319 4
3320 2
3321 7
3322 0
3323 7
3324 4
3325 2
3326 7
3327 11
3328 23
3329 0
3330 42
3331 9
3332 0
3333 10
3334 0
3335 8
3336 2
3337 47
3338 21
3339 0
3340 31
3341 0
3342 4
3343 2
3344 0
3345 5
3346 6
3347 2
3348 10
3349 12
3350 4
3351 36
3352 7
3353 11
3354 35
3355 296
3356 1
3357 16
3358 52
3359 4
3360 2
3361 0
3362 0
3363 197
3364 1
3365 55
3366 2
3367 737
3368 2
3369 59
3370 41
3371 3
3372 18
3373 0
3374 4
3375 97
3376 188
3377 36
3378 0
3379 58
3380 16
3381 4
3382 4
3383 17
3384 130
3385 6
3386 138
3387 4
3388 22
3389 7
3390 10
3391 90
3392 3
3393 10
3394 0
3395 30
3396 3
3397 61
3398 12
3399 4
3400 0
3401 22
3402 1
3403 86
3404 4
3405 26
3406 0
3407 64
3408 0
3409 0
3410 128
3411 8
3412 1
3413 37
3414 7
3415 66
3416 705
3417 134
3418 5
3419 8
3420 5
3421 183
3422 13
3423 13
3424 1
3425 0
3426 5
3427 7
3428 1
3429 2
3430 3
3431 3
3432 21
3433 3
3434 2
3435 5
3436 191
3437 372
3438 114
3439 21
3440 17
3441 164
3442 174
3443 3
3444 4
3445 1
3446 4
3447 2
3448 24
3449 2
3450 15
3451 6
3452 8
3453 28
3454 15
3455 11
3456 871
3457 4
3458 21
3459 1
3460 701
3461 7
3462 16
3463 250
3464 5
3465 17
3466 26
3467 5
3468 6
3469 4
3470 19
3471 0
3472 51
3473 0
3474 7
3475 62
3476 0
3477 66
3478 0
3479 17
3480 6
3481 2
3482 3
3483 1
3484 6
3485 2
3486 6
3487 2
3488 2
3489 1
3490 4
3491 3
3492 42
3493 7
3494 1
3495 3
3496 0
3497 7
3498 0
3499 8
3500 0
3501 4
3502 2
3503 2
3504 5
3505 81
3506 26
3507 4
3508 9
3509 7
3510 3
3511 152
3512 11
3513 81
3514 0
3515 18
3516 3
3517 17
3518 2
3519 3
3520 0
3521 4
3522 7
3523 20
3524 2
3525 0
3526 15
3527 12
3528 2
3529 5
3530 0
3531 2
3532 1
3533 6
3534 1
3535 16
3536 1
3537 169
3538 3
3539 14
3540 11
3541 15
3542 1
3543 1
3544 3
3545 4
3546 2
3547 10
3548 1
3549 0
3550 2
3551 4
3552 8
3553 1
3554 133
3555 6
3556 1
3557 7
3558 2
3559 5
3560 6
3561 0
3562 1
3563 7
3564 10
3565 6
3566 0
3567 13
3568 0
3569 3
3570 0
3571 3
3572 3
3573 46
3574 9
3575 7
3576 0
3577 5
3578 6
3579 7
3580 26
3581 8
3582 2
3583 2
3584 0
3585 8
3586 0
3587 66
3588 5
3589 26
3590 9
3591 10
3592 5
3593 30
3594 0
3595 7
3596 1
3597 4
3598 4
3599 11
3600 5
3601 0
3602 1
3603 0
3604 0
3605 5
3606 0
3607 47
3608 0
3609 11
3610 1
3611 9
3612 9
3613 4
3614 186
3615 17
3616 8
3617 6
3618 0
3619 8
3620 4
3621 5
3622 26
3623 0
3624 5
3625 0
3626 1
3627 16
3628 7
3629 421
3630 2
3631 2
3632 9
3633 5
3634 0
3635 23
3636 8
3637 6
3638 5
3639 6
3640 408
3641 8
3642 3
3643 98
3644 0
3645 9
3646 21
3647 10
3648 2
3649 12
3650 9
3651 0
3652 0
3653 0
3654 2
3655 107
3656 3
3657 8
3658 0
3659 6
3660 0
3661 27
3662 4
3663 2
3664 5
3665 0
3666 0
3667 122
3668 2
3669 3
3670 6
3671 9
3672 7
3673 3
3674 2
3675 8
3676 0
3677 0
3678 0
3679 1
3680 10
3681 2
3682 0
3683 7
3684 4
3685 7
3686 5
3687 5
3688 1
3689 3
3690 7
3691 2
3692 11
3693 5
3694 3
3695 1
3696 3
3697 0
3698 11
3699 12
3700 2
3701 20
3702 912
3703 52
3704 88
3705 120
3706 3
3707 102
3708 1
3709 4
3710 8
3711 2
3712 36
3713 0
3714 12
3715 0
3716 1
3717 0
3718 3
3719 0
3720 17
3721 7
3722 2
3723 6
3724 61
3725 9
3726 18
3727 389
3728 4
3729 0
3730 5
3731 3
3732 3
3733 6
3734 224
3735 63
3736 7
3737 100
3738 64
3739 54
3740 6
3741 11
3742 67
3743 1
3744 6
3745 2
3746 5
3747 2
3748 8
3749 0
3750 270
3751 9
3752 10
3753 6
3754 10
3755 5
3756 0
3757 71
3758 9
3759 0
3760 3
3761 6
3762 0
3763 624
3764 2
3765 0
3766 662
3767 0
3768 228
3769 5
3770 43
3771 40
3772 0
3773 0
3774 2
3775 0
3776 2
3777 5
3778 0
3779 6
3780 3
3781 2
3782 3
3783 6
3784 186
3785 4
3786 2
3787 4
3788 8
3789 1
3790 467
3791 17
3792 125
3793 4
3794 2
3795 6
3796 13
3797 25
3798 0
3799 5
3800 10
3801 0
3802 5
3803 0
3804 140
3805 283
3806 6
3807 167
3808 0
3809 12
3810 0
3811 83
3812 0
3813 21
3814 0
3815 2
3816 2
3817 5
3818 10
3819 0
3820 1
3821 3
3822 0
3823 8
3824 1
3825 4
3826 1
3827 11
3828 0
3829 0
3830 9
3831 3
3832 8
3833 2
3834 7
3835 10
3836 53
3837 8
3838 6
3839 73
3840 7
3841 131
3842 7
3843 1
3844 370
3845 7
3846 3
3847 3
3848 5
3849 6
3850 3
3851 6
3852 0
3853 91
3854 8
3855 93
3856 3
3857 7
3858 7
3859 4
3860 4
3861 2
3862 7
3863 8
3864 7
3865 276
3866 7
3867 9
3868 5
3869 5
3870 13
3871 9
3872 164
3873 299
3874 1
3875 386
3876 0
3877 37
3878 6
3879 1
3880 5
3881 51
3882 4
3883 1
3884 77
3885 0
3886 4
3887 161
3888 0
3889 0
3890 3
3891 8
3892 0
3893 1
3894 11
3895 6
3896 12
3897 3
3898 3
3899 57
3900 9
3901 12
3902 9
3903 4
3904 0
3905 5
3906 8
3907 7
3908 0
3909 237
3910 0
3911 4
3912 1
3913 1
3914 3
3915 5
3916 5
3917 116
3918 1
3919 330
3920 2
3921 4
3922 7
3923 6
3924 8
3925 584
3926 0
3927 7
3928 4
3929 2
3930 0
3931 5
3932 4
3933 6
3934 118
3935 4
3936 0
3937 33
3938 2
3939 5
3940 404
3941 4
3942 1
3943 14
3944 2
3945 4
3946 3
3947 7
3948 0
3949 8
3950 1
3951 132
3952 22
3953 5
3954 14
3955 5
3956 10
3957 7
3958 3
3959 1
3960 7
3961 4
3962 6
3963 0
3964 5
3965 0
3966 5
3967 15
3968 8
3969 0
3970 3
3971 3
3972 0
3973 7
3974 5
3975 117
3976 5
3977 6
3978 11
3979 368
3980 2
3981 2
3982 5
3983 62
3984 893
3985 191
3986 0
3987 11
3988 11
3989 4
3990 0
3991 4
3992 0
3993 3
3994 2
3995 1
3996 7
3997 0
3998 2
3999 0
4000 119
4001 0
4002 150
4003 5
4004 3
4005 7
4006 62
4007 5
4008 3
4009 0
4010 4
4011 3
4012 4
4013 4
4014 5
4015 6
4016 2
4017 1
4018 28
4019 90
4020 251
4021 1
4022 5
4023 9
4024 7
4025 23
4026 48
4027 11
4028 18
4029 2
4030 136
4031 2
4032 5
4033 0
4034 1
4035 1
4036 1
4037 1
4038 2
4039 1
4040 9
4041 47
4042 31
4043 5
4044 0
4045 4
4046 3
4047 2
4048 3
4049 1
4050 73
4051 467
4052 2
4053 3
4054 2
4055 4
4056 5
4057 25
4058 8
4059 74
4060 33
4061 102
4062 58
4063 4
4064 0
4065 2
4066 0
4067 2
4068 1
4069 2
4070 1
4071 49
4072 1
4073 64
4074 0
4075 30
4076 7
4077 132
4078 11
4079 84
4080 2
4081 6
4082 39
4083 8
4084 5
4085 23
4086 4
4087 192
4088 2
4089 7
4090 6
4091 55
4092 2
4093 0
4094 1
4095 22
4096 3
4097 2
4098 0
4099 0
4100 133
4101 0
4102 255
4103 2
4104 361
4105 1
4106 4
4107 2
4108 108
4109 7
4110 16
4111 4
4112 50
4113 5
4114 68
4115 3
4116 8
4117 20
4118 1
4119 14
4120 80
4121 0
4122 5
4123 1
4124 4
4125 0
4126 0
4127 7
4128 15
4129 8
4130 0
4131 0
4132 7
4133 0
4134 9
4135 16
4136 5
4137 0
4138 1
4139 1
4140 6
4141 9
4142 5
4143 2
4144 1
4145 106
4146 9
4147 129
4148 3
4149 36
4150 4
4151 5
4152 0
4153 0
4154 11
4155 1
4156 3
4157 0
4158 7
4159 0
4160 15
4161 23
4162 131
4163 0
4164 10
4165 0
4166 0
4167 1
4168 50
4169 0
4170 0
4171 18
4172 31
4173 0
4174 43
4175 0
4176 89
4177 2
4178 0
4179 17
4180 0
4181 71
4182 3
4183 1
4184 0
4185 1
4186 1
4187 1
4188 2
4189 0
4190 0
4191 1
4192 4
4193 2
4194 5
4195 5
4196 6
4197 7
4198 46
4199 10
4200 9
4201 1
4202 20
4203 7
4204 19
4205 31
4206 8
4207 0
4208 2
4209 8
4210 1
4211 4
4212 6
4213 0
4214 9
4215 1
4216 1
4217 2
4218 2
4219 0
4220 3
4221 1
4222 45
4223 4
4224 6
4225 146
4226 4
4227 0
4228 1
4229 5
4230 3
4231 35
4232 19
4233 13
4234 2
4235 31
4236 8
4237 116
4238 21
4239 21
4240 370
4241 3
4242 20
4243 78
4244 0
4245 21
4246 0
4247 39
4248 44
4249 0
4250 159
4251 1
4252 35
4253 1
4254 52
4255 2
4256 39
4257 0
4258 25
4259 35
4260 41
4261 0
4262 76
4263 2
4264 29
4265 2
4266 112
4267 0
4268 18
4269 10
4270 1
4271 2
4272 76
4273 76
4274 4
4275 4
4276 8
4277 5
4278 11
4279 5
4280 7
4281 1
4282 4
4283 0
4284 1
4285 3
4286 6
4287 1
4288 8
4289 1
4290 3
4291 6
4292 0
4293 1
4294 2
4295 0
4296 0
4297 5
4298 1
4299 12
4300 143
4301 206
4302 20
4303 1
4304 5
4305 0
4306 7
4307 4
4308 0
4309 1
4310 5
4311 1
4312 0
4313 1
4314 2
4315 0
4316 4
4317 1
4318 6
4319 1
4320 3
4321 1
4322 3
4323 5
4324 0
4325 0
4326 95
4327 0
4328 4
4329 29
4330 92
4331 0
4332 4
4333 0
4334 33
4335 4
4336 51
4337 0
4338 34
4339 5
4340 18
4341 0
4342 3
4343 7
4344 6
4345 1
4346 5
4347 4
4348 1
4349 5
4350 0
4351 1
4352 2
4353 8
4354 26
4355 1
4356 18
4357 0
4358 47
4359 17
4360 39
4361 3
4362 12
4363 0
4364 59
4365 0
4366 118
4367 2
4368 16
4369 2
4370 9
4371 0
4372 5
4373 1
4374 2
4375 6
4376 0
4377 8
4378 0
4379 3
4380 6
4381 2
4382 3
4383 9
4384 0
4385 9
4386 3
4387 0
4388 52
4389 0
4390 48
4391 0
4392 132
4393 3
4394 114
4395 0
4396 3
4397 0
4398 0
4399 22
4400 85
4401 0
4402 5
4403 0
4404 36
4405 4
4406 0
4407 17
4408 0
4409 0
4410 3
4411 5
4412 0
4413 0
4414 1
4415 4
4416 0
4417 0
4418 24
4419 0
4420 1
4421 2
4422 0
4423 0
4424 3
4425 0
4426 30
4427 34
4428 130
4429 0
4430 24
4431 0
4432 0
4433 23
4434 19
4435 37
4436 38
4437 18
4438 4
4439 6
4440 13
4441 11
4442 0
4443 4
4444 0
4445 0
4446 3
4447 1
4448 162
4449 0
4450 2
4451 7
4452 3
4453 7
4454 52
4455 51
4456 26
4457 161
4458 7
4459 8
4460 3
4461 0
4462 0
4463 0
4464 59
4465 0
4466 0
4467 35
4468 3
4469 21
4470 1
4471 1
4472 3
4473 13
4474 2
4475 30
4476 1
4477 14
4478 27
4479 76
4480 273
4481 0
4482 85
4483 0
4484 26
4485 0
4486 35
4487 0
4488 3
4489 3
4490 7
4491 0
4492 6
4493 3
4494 4
4495 1
4496 0
4497 0
4498 0
4499 1
4500 2
4501 5
4502 0
4503 4
4504 0
4505 0
4506 0
4507 7
4508 1
4509 2
4510 0
4511 1
4512 1
4513 0
4514 6
4515 0
4516 4
4517 2
4518 0
4519 0
4520 0
4521 0
4522 3
4523 0
4524 3
4525 0
4526 6
4527 0
4528 7
4529 4
4530 7
4531 99
4532 1
4533 72
4534 1
4535 4
4536 1
4537 7
4538 5
4539 0
4540 1
4541 2
4542 0
4543 8
4544 4
4545 4
4546 131
4547 4
4548 3
4549 50
4550 4
4551 5
4552 23
4553 3
4554 1
4555 4
4556 8
4557 4
4558 3
4559 0
4560 1
4561 0
4562 1
4563 1
4564 5
4565 4
4566 10
4567 304
4568 12
4569 67
4570 5
4571 1
4572 0
4573 5
4574 5
4575 0
4576 1
4577 5
4578 2
4579 7
4580 2
4581 2
4582 5
4583 1
4584 5
4585 18
4586 114
4587 0
4588 49
4589 1
4590 43
4591 6
4592 19
4593 5
4594 3
4595 3
4596 6
4597 12
4598 32
4599 1
4600 111
4601 0
4602 0
4603 5
4604 6
4605 2
4606 5
4607 3
4608 5
4609 1
4610 14
4611 4
4612 11
4613 36
4614 5
4615 0
4616 3
4617 3
4618 3
4619 7
4620 10
4621 10
4622 1
4623 9
4624 2
4625 4
4626 0
4627 2
4628 77
4629 16
4630 6
4631 0
4632 5
4633 4
4634 32
4635 2
4636 4
4637 3
4638 90
4639 1
4640 3
4641 0
4642 53
4643 1
4644 5
4645 86
4646 2
4647 6
4648 2
4649 4
4650 1
4651 6
4652 8
4653 1
4654 19
4655 53
4656 6
4657 5
4658 1
4659 5
4660 6
4661 18
4662 27
4663 25
4664 6
4665 24
4666 0
4667 5
4668 5
4669 8
4670 0
4671 3
4672 0
4673 5
4674 0
4675 3
4676 1
4677 7
4678 5
4679 3
4680 4
4681 6
4682 290
4683 2
4684 5
4685 1
4686 17
4687 5
4688 1
4689 10
4690 4
4691 27
4692 63
4693 115
4694 57
4695 21
4696 1
4697 24
4698 75
4699 65
4700 71
4701 69
4702 5
4703 105
4704 3
4705 0
4706 6
4707 0
4708 58
4709 3
4710 4
4711 0
4712 3
4713 3
4714 0
4715 3
4716 26
4717 41
4718 2
4719 19
4720 7
4721 4
4722 51
4723 1
4724 1
4725 6
4726 7
4727 1
4728 1
4729 2
4730 2
4731 3
4732 0
4733 0
4734 5
4735 1
4736 3
4737 2
4738 7
4739 582
4740 4
4741 1
4742 2
4743 9
4744 5
4745 9
4746 1
4747 5
4748 2
4749 11
4750 1
4751 10
4752 0
4753 18
4754 2
4755 1
4756 2
4757 5
4758 3
4759 0
4760 4
4761 0
4762 36
4763 7
4764 0
4765 23
4766 33
4767 1
4768 53
4769 0
4770 19
4771 5
4772 1
4773 5
4774 0
4775 5
4776 0
4777 0
4778 5
4779 0
4780 2
4781 8
4782 2
4783 0
4784 5
4785 1
4786 2
4787 2
4788 20
4789 2
4790 8
4791 1
4792 1
4793 27
4794 21
4795 16
4796 16
4797 0
4798 7
4799 1
4800 2
4801 0
4802 217
4803 1
4804 8
4805 81
4806 2
4807 5
4808 2
4809 123
4810 4
4811 6
4812 1
4813 8
4814 5
4815 6
4816 19
4817 8
4818 21
4819 8
4820 9
4821 383
4822 2
4823 4
4824 0
4825 1
4826 3
4827 2
4828 0
4829 4
4830 4
4831 1
4832 4
4833 1
4834 92
4835 30
4836 3
4837 1
4838 3
4839 2
4840 5
4841 5
4842 3
4843 4
4844 5
4845 0
4846 3
4847 6
4848 4
4849 7
4850 2
4851 2
4852 1
4853 2
4854 1
4855 0
4856 4
4857 1
4858 1
4859 0
4860 1
4861 81
4862 3
4863 3
4864 7
4865 1
4866 5
4867 2
4868 1
4869 3
4870 5
4871 1
4872 6
4873 1
4874 5
4875 5
4876 182
4877 13
4878 2
4879 10
4880 2
4881 1
4882 16
4883 0
4884 1
4885 2
4886 0
4887 5
4888 1
4889 5
4890 4
4891 2
4892 3
4893 0
4894 45
4895 43
4896 0
4897 10
4898 7
4899 1
4900 6
4901 0
4902 4
4903 6
4904 5
4905 1
4906 6
4907 6
4908 3
4909 15
4910 4
4911 4
4912 8
4913 5
4914 3
4915 0
4916 5
4917 7
4918 0
4919 1
4920 33
4921 3
4922 108
4923 4
4924 107
4925 5
4926 13
4927 3
4928 26
4929 0
4930 33
4931 0
4932 0
4933 98
4934 127
4935 26
4936 20
4937 65
4938 106
4939 83
4940 27
4941 5
4942 97
4943 302
4944 21
4945 37
4946 1
4947 32
4948 2
4949 57
4950 6
4951 3
4952 6
4953 1
4954 1
4955 3
4956 5
4957 83
4958 3
4959 0
4960 2
4961 1
4962 7
4963 0
4964 7
4965 3
4966 5
4967 5
4968 2
4969 0
4970 3
4971 27
4972 17
4973 13
4974 18
4975 0
4976 0
4977 6
4978 0
4979 47
4980 0
4981 112
4982 3
4983 6
4984 4
4985 48
4986 1
4987 3
4988 0
4989 100
4990 17
4991 0
4992 10
4993 2
4994 38
4995 79
4996 0
4997 11
4998 20
4999 99
5000 61
5001 23
5002 5
5003 2
5004 7
5005 10
5006 1
5007 18
5008 7
5009 6
5010 26
5011 1
5012 11
5013 2
5014 31
5015 15
5016 4
5017 5
5018 2
5019 3
5020 6
5021 36
5022 1
5023 2
5024 9
5025 54
5026 2
5027 3
5028 30
5029 2
5030 32
5031 1
5032 0
5033 5
5034 0
5035 2
5036 6
5037 3
5038 4
5039 0
5040 4
5041 5
5042 1
5043 5
5044 130
5045 2
5046 0
5047 3
5048 0
5049 52
5050 0
5051 8
5052 5
5053 1
5054 2
5055 3
5056 5
5057 0
5058 1
5059 2
5060 0
5061 4
5062 2
5063 4
5064 6
5065 1
5066 169
5067 1
5068 2
5069 138
5070 8
5071 1
5072 1
5073 3
5074 1
5075 4
5076 2
5077 5
5078 0
5079 0
5080 0
5081 2
5082 3
5083 2
5084 0
5085 7
5086 1
5087 2
5088 2
5089 4
5090 5
5091 3
5092 84
5093 6
5094 2
5095 4
5096 34
5097 11
5098 1
5099 4
5100 3
5101 5
5102 145
5103 2
5104 2
5105 3
5106 1
5107 1
5108 3
5109 3
5110 0
5111 7
5112 2
5113 10
5114 1
5115 4
5116 4
5117 9
5118 7
5119 237
5120 1
5121 3
5122 1
5123 1
5124 4
5125 3
5126 1
5127 3
5128 3
5129 8
5130 8
5131 31
5132 321
5133 40
5134 4
5135 0
5136 3
5137 1
5138 2
5139 95
5140 113
5141 1
5142 18
5143 1
5144 4
5145 0
5146 2
5147 2
5148 2
5149 0
5150 1
5151 1
5152 3
5153 0
5154 0
5155 5
5156 0
5157 2
5158 25
5159 0
5160 26
5161 69
5162 4
5163 0
5164 0
5165 4
5166 5
5167 1
5168 143
5169 4
5170 0
5171 1
5172 6
5173 5
5174 0
5175 1
5176 6
5177 4
5178 32
5179 1
5180 53
5181 2
5182 4
5183 28
5184 5
5185 5
5186 11
5187 2
5188 4
5189 2
5190 3
5191 4
5192 5
5193 1
5194 11
5195 5
5196 5
5197 6
5198 0
5199 2
5200 1
5201 11
5202 5
5203 1
5204 8
5205 5
5206 6
5207 9
5208 3
5209 0
5210 7
5211 0
5212 12
5213 0
5214 4
5215 0
5216 6
5217 0
5218 4
5219 4
5220 1
5221 9
5222 5
5223 0
5224 4
5225 2
5226 0
5227 24
5228 57
5229 49
5230 0
5231 40
5232 1
5233 10
5234 2
5235 1
5236 1
5237 7
5238 1
5239 0
5240 4
5241 0
5242 7
5243 4
5244 94
5245 6
5246 2
5247 4
5248 1
5249 401
5250 4
5251 3
5252 0
5253 1
5254 2
5255 0
5256 4
5257 0
5258 7
5259 1
5260 4
5261 1
5262 2
5263 7
5264 2
5265 2
5266 7
5267 0
5268 146
5269 0
5270 6
5271 0
5272 1
5273 0
5274 0
5275 10
5276 6
5277 32
5278 2
5279 5
5280 3
5281 5
5282 3
5283 39
5284 44
5285 1
5286 2
5287 1
5288 4
5289 1
5290 9
5291 4
5292 5
5293 5
5294 1
5295 326
5296 556
5297 3
5298 50
5299 3
5300 38
5301 104
5302 122
5303 57
5304 0
5305 25
5306 1
5307 1
5308 1
5309 1
5310 7
5311 4
5312 3
5313 3
5314 31
5315 0
5316 6
5317 0
5318 1
5319 6
5320 12
5321 4
5322 1
5323 1
5324 2
5325 12
5326 1
5327 4
5328 3
5329 28
5330 0
5331 7
5332 0
5333 3
5334 1
5335 5
5336 3
5337 3
5338 136
5339 7
5340 3
5341 8
5342 590
5343 62
5344 58
5345 0
5346 51
5347 2
5348 47
5349 2
5350 156
5351 88
5352 0
5353 25
5354 0
5355 31
5356 17
5357 29
5358 0
5359 71
5360 7
5361 0
5362 20
5363 47
5364 1
5365 11
5366 9
5367 3
5368 8
5369 0
5370 12
5371 0
5372 3
5373 0
5374 12
5375 1
5376 2
5377 12
5378 1
5379 1
5380 2
5381 1
5382 3
5383 1
5384 178
5385 3
5386 19
5387 6
5388 4
5389 26
5390 0
5391 23
5392 0
5393 27
5394 4
5395 5
5396 4
5397 0
5398 2
5399 0
5400 1
5401 662
5402 9
5403 75
5404 0
5405 4
5406 128
5407 0
5408 2
5409 2
5410 5
5411 0
5412 6
5413 323
5414 8
5415 2
5416 285
5417 0
5418 77
5419 0
5420 3
5421 58
5422 0
5423 9
5424 0
5425 4
5426 3
5427 9
5428 16
5429 15
5430 53
5431 0
5432 25
5433 13
5434 2
5435 6
5436 44
5437 6
5438 34
5439 3
5440 2
5441 1
5442 62
5443 6
5444 3
5445 5
5446 0
5447 1
5448 3
5449 0
5450 2
5451 0
5452 1
5453 9
5454 0
5455 1
5456 1
5457 1
5458 6
5459 3
5460 4
5461 0
5462 0
5463 0
5464 3
5465 5
5466 3
5467 7
5468 0
5469 0
5470 6
5471 8
5472 1
5473 81
5474 65
5475 9
5476 11
5477 6
5478 2
5479 6
5480 0
5481 9
5482 0
5483 3
5484 3
5485 2
5486 3
5487 7
5488 0
5489 9
5490 0
5491 0
5492 2
5493 1
5494 19
5495 0
5496 2
5497 138
5498 0
5499 0
5500 0
5501 1
5502 105
5503 0
5504 1
5505 42
5506 2
5507 9
5508 5
5509 3
5510 8
5511 6
5512 2
5513 9
5514 3
5515 5
5516 0
5517 5
5518 1
5519 3
5520 0
5521 8
5522 2
5523 2
5524 28
5525 5
5526 3
5527 5
5528 0
5529 147
5530 2
5531 0
5532 140
5533 10
5534 0
5535 1
5536 5
5537 29
5538 4
5539 5
5540 7
5541 8
5542 7
5543 8
5544 4
5545 149
5546 1
5547 1
5548 4
5549 5
5550 1
5551 7
5552 1
5553 5
5554 0
5555 4
5556 1
5557 3
5558 1
5559 1
5560 0
5561 1
5562 4
5563 1
5564 0
5565 676
5566 6
5567 2
5568 1
5569 9
5570 1
5571 2
5572 1
5573 7
5574 2
5575 2
5576 2
5577 5
5578 4
5579 7
5580 3
5581 0
5582 3
5583 0
5584 3
5585 2
5586 2
5587 47
5588 8
5589 2
5590 2
5591 0
5592 3
5593 1
5594 2
5595 2
5596 3
5597 2
5598 0
5599 44
5600 44
5601 2
5602 2
5603 1
5604 7
5605 1
5606 5
5607 3
5608 8
5609 1
5610 9
5611 1
5612 3
5613 1
5614 61
5615 0
5616 1
5617 5
5618 3
5619 32
5620 6
5621 3
5622 3
5623 0
5624 3
5625 3
5626 3
5627 7
5628 13
5629 0
5630 3
5631 7
5632 0
5633 9
5634 1
5635 8
5636 2
5637 9
5638 8
5639 32
5640 1
5641 7
5642 1
5643 4
5644 6
5645 51
5646 2
5647 2
5648 154
5649 3
5650 5
5651 3
5652 1
5653 4
5654 0
5655 0
5656 10
5657 0
5658 332
5659 2
5660 2
5661 2
5662 5
5663 12
5664 1
5665 1
5666 1
5667 6
5668 0
5669 0
5670 5
5671 0
5672 4
5673 2
5674 2
5675 1
5676 3
5677 5
5678 7
5679 2
5680 3
5681 1
5682 5
5683 3
5684 8
5685 4
5686 8
5687 6
5688 4
5689 2
5690 4
5691 4
5692 0
5693 8
5694 2
5695 1
5696 1
5697 0
5698 2
5699 5
5700 222
5701 1
5702 96
5703 0
5704 0
5705 8
5706 0
5707 0
5708 13
5709 0
5710 69
5711 1
5712 4
5713 1
5714 0
5715 2
5716 0
5717 3
5718 1
5719 29
5720 10
5721 0
5722 1
5723 3
5724 1
5725 16
5726 3
5727 32
5728 1
5729 131
5730 4
5731 0
5732 4
5733 2
5734 5
5735 0
5736 4
5737 0
5738 3
5739 0
5740 1
5741 6
5742 1
5743 7
5744 3
5745 93
5746 3
5747 3
5748 5
5749 6
5750 0
5751 32
5752 4
5753 147
5754 0
5755 35
5756 1
5757 226
5758 1
5759 9
5760 4
5761 0
5762 1
5763 1
5764 4
5765 1
5766 4
5767 2
5768 6
5769 0
5770 4
5771 231
5772 0
5773 4
5774 0
5775 1
5776 1
5777 4
5778 2
5779 118
5780 1
5781 2
5782 1
5783 4
5784 4
5785 3
5786 3
5787 1
5788 342
5789 1
5790 1
5791 5
5792 3
5793 2
5794 3
5795 9
5796 3
5797 10
5798 8
5799 9
5800 7
5801 1
5802 8
5803 0
5804 55
5805 0
5806 0
5807 5
5808 9
5809 0
5810 3
5811 0
5812 1
5813 6
5814 179
5815 0
5816 182
5817 0
5818 12
5819 3
5820 4
5821 5
5822 330
5823 29
5824 61
5825 4
5826 1
5827 43
5828 118
5829 1
5830 17
5831 0
5832 120
5833 152
5834 0
5835 91
5836 0
5837 12
5838 2
5839 1
5840 0
5841 3
5842 52
5843 7
5844 2
5845 4
5846 2
5847 6
5848 5
5849 1
5850 17
5851 0
5852 6
5853 3
5854 1
5855 3
5856 3
5857 9
5858 1
5859 2
5860 4
5861 94
5862 9
5863 4
5864 3
5865 1
5866 3
5867 31
5868 7
5869 4
5870 0
5871 10
5872 4
5873 2
5874 0
5875 5
5876 10
5877 2
5878 2
5879 3
5880 6
5881 4
5882 5
5883 7
5884 2
5885 0
5886 6
5887 1
5888 12
5889 1
5890 5
5891 6
5892 3
5893 1
5894 5
5895 4
5896 169
5897 0
5898 2
5899 0
5900 520
5901 0
5902 0
5903 7
5904 1
5905 5
5906 0
5907 3
5908 1
5909 1
5910 9
5911 3
5912 20
5913 21
5914 80
5915 4
5916 0
5917 4
5918 28
5919 1
5920 45
5921 0
5922 27
5923 22
5924 1
5925 5
5926 0
5927 7
5928 2
5929 9
5930 1
5931 4
5932 1
5933 2
5934 63
5935 0
5936 10
5937 0
5938 3
5939 1
5940 7
5941 1
5942 3
5943 5
5944 1
5945 9
5946 1
5947 8
5948 350
5949 6
5950 2
5951 1
5952 3
5953 1
5954 3
5955 5
5956 0
5957 1
5958 3
5959 10
5960 3
5961 3
5962 660
5963 3
5964 9
5965 0
5966 3
5967 4
5968 0
5969 0
5970 0
5971 14
5972 4
5973 4
5974 0
5975 3
5976 15
5977 1
5978 5
5979 6
5980 4
5981 4
5982 2
5983 208
5984 7
5985 6
5986 12
5987 158
5988 3
5989 3
5990 0
5991 130
5992 1
5993 2
5994 4
5995 10
5996 2
5997 14
5998 3
5999 8
6000 8
6001 63
6002 107
6003 3
6004 4
6005 5
6006 6
6007 7
6008 3
6009 4
6010 2
6011 5
6012 3
6013 0
6014 0
6015 1
6016 5
6017 2
6018 0
6019 4
6020 0
6021 6
6022 3
6023 1
6024 4
6025 3
6026 5
6027 7
6028 7
6029 6
6030 3
6031 3
6032 9
6033 1
6034 5
6035 1
6036 1
6037 0
6038 3
6039 2
6040 4
6041 135
6042 7
6043 1
6044 6
6045 0
6046 5
6047 0
6048 43
6049 140
6050 2
6051 7
6052 1
6053 5
6054 2
6055 5
6056 3
6057 7
6058 0
6059 0
6060 9
6061 1
6062 25
6063 55
6064 0
6065 52
6066 3
6067 0
6068 62
6069 0
6070 0
6071 86
6072 1
6073 6
6074 1
6075 89
6076 3
6077 0
6078 0
6079 79
6080 1
6081 2
6082 11
6083 1
6084 18
6085 1
6086 0
6087 33
6088 1
6089 7
6090 0
6091 4
6092 3
6093 5
6094 7
6095 5
6096 3
6097 3
6098 7
6099 0
6100 8
6101 0
6102 0
6103 0
6104 3
6105 0
6106 3
6107 2
6108 8
6109 2
6110 2
6111 6
6112 2
6113 2
6114 1
6115 1
6116 2
6117 2
6118 1
6119 4
6120 2
6121 13
6122 1
6123 7
6124 2
6125 0
6126 0
6127 7
6128 3
6129 219
6130 10
6131 5
6132 1
6133 3
6134 13
6135 3
6136 4
6137 3
6138 52
6139 4
6140 42
6141 58
6142 5
6143 86
6144 9
6145 384
6146 1
6147 3
6148 1
6149 5
6150 7
6151 26
6152 2
6153 122
6154 105
6155 70
6156 16
6157 1
6158 15
6159 102
6160 0
6161 5
6162 1
6163 4
6164 3
6165 5
6166 5
6167 3
6168 5
6169 4
6170 3
6171 5
6172 1
6173 5
6174 5
6175 0
6176 5
6177 1
6178 2
6179 84
6180 0
6181 15
6182 6
6183 1
6184 5
6185 2
6186 2
6187 2
6188 1
6189 5
6190 7
6191 0
6192 4
6193 6
6194 11
6195 38
6196 10
6197 0
6198 2
6199 2
6200 6
6201 1
6202 3
6203 0
6204 4
6205 3
6206 0
6207 2
6208 1
6209 0
6210 6
6211 3
6212 250
6213 4
6214 15
6215 6
6216 3
6217 3
6218 465
6219 6
6220 3
6221 1
6222 136
6223 1
6224 1
6225 1
6226 4
6227 3
6228 4
6229 32
6230 0
6231 1
6232 1
6233 251
6234 1
6235 4
6236 4
6237 0
6238 336
6239 0
6240 7
6241 6
6242 4
6243 1
6244 8
6245 7
6246 4
6247 13
6248 6
6249 3
6250 18
6251 3
6252 4
6253 1
6254 1
6255 4
6256 11
6257 2
6258 10
6259 104
6260 8
6261 0
6262 4
6263 4
6264 1
6265 6
6266 2
6267 2
6268 5
6269 3
6270 0
6271 2
6272 2
6273 0
6274 240
6275 0
6276 14
6277 0
6278 235
6279 5
6280 76
6281 4
6282 0
6283 28
6284 0
6285 69
6286 1
6287 2
6288 70
6289 1
6290 8
6291 99
6292 3
6293 2
6294 5
6295 8
6296 117
6297 44
6298 28
6299 0
6300 7
6301 94
6302 1
6303 26
6304 0
6305 2
6306 0
6307 9
6308 1
6309 568
6310 1
6311 3
6312 0
6313 2
6314 0
6315 5
6316 3
6317 8
6318 1
6319 5
6320 327
6321 278
6322 3
6323 3
6324 3
6325 10
6326 2
6327 11
6328 4
6329 5
6330 4
6331 3
6332 2
6333 1
6334 3
6335 2
6336 0
6337 9
6338 0
6339 5
6340 0
6341 5
6342 0
6343 3
6344 2
6345 6
6346 0
6347 4
6348 1
6349 0
6350 15
6351 0
6352 5
6353 0
6354 2
6355 4
6356 0
6357 0
6358 4
6359 3
6360 2
6361 5
6362 0
6363 3
6364 13
6365 2
6366 2
6367 12
6368 1
6369 3
6370 1
6371 8
6372 5
6373 3
6374 3
6375 11
6376 4
6377 5
6378 0
6379 2
6380 4
6381 0
6382 0
6383 8
6384 5
6385 8
6386 1
6387 1
6388 3
6389 4
6390 172
6391 33
6392 2
6393 6
6394 4
6395 0
6396 11
6397 18
6398 4
6399 0
6400 6
6401 1
6402 8
6403 0
6404 0
6405 1
6406 7
6407 6
6408 0
6409 3
6410 11
6411 0
6412 69
6413 143
6414 0
6415 117
6416 0
6417 409
6418 179
6419 712
6420 22
6421 71
6422 0
6423 57
6424 139
6425 78
6426 126
6427 1
6428 219
6429 0
6430 78
6431 0
6432 3
6433 42
6434 23
6435 0
6436 105
6437 2
6438 7
6439 11
6440 4
6441 8
6442 3
6443 13
6444 124
6445 413
6446 469
6447 8
6448 13
6449 113
6450 5
6451 5
6452 6
6453 262
6454 109
6455 4
6456 0
6457 93
6458 1
6459 315
6460 0
6461 16
6462 0
6463 100
6464 1
6465 11
6466 1
6467 11
6468 2
6469 3
6470 6
6471 8
6472 7
6473 1
6474 63
6475 201
6476 0
6477 7
6478 2
6479 1
6480 45
6481 2
6482 7
6483 1
6484 53
6485 1
6486 24
6487 61
6488 1
6489 483
6490 282
6491 1
6492 288
6493 1
6494 8
6495 0
6496 7
6497 2
6498 1
6499 2
6500 1
6501 3
6502 0
6503 0
6504 0
6505 0
6506 6
6507 0
6508 31
6509 1
6510 1
6511 4
6512 6
6513 338
6514 2
6515 2
6516 1
6517 15
6518 0
6519 1
6520 5
6521 2
6522 41
6523 0
6524 305
6525 625
6526 4
6527 419
6528 3
6529 0
6530 0
6531 2
6532 3
6533 4
6534 4
6535 307
6536 0
6537 9
6538 1
6539 3
6540 8
6541 4
6542 8
6543 2
6544 125
6545 1
6546 52
6547 9
6548 116
6549 14
6550 1
6551 64
6552 30
6553 7
6554 53
6555 0
6556 7
6557 0
6558 30
6559 2
6560 15
6561 0
6562 47
6563 1
6564 4
6565 2
6566 0
6567 1
6568 11
6569 6
6570 8
6571 362
6572 8
6573 5
6574 180
6575 1
6576 11
6577 0
6578 3
6579 18
6580 17
6581 1
6582 9
6583 24
6584 1
6585 8
6586 1
6587 30
6588 0
6589 0
6590 0
6591 26
6592 0
6593 26
6594 1
6595 227
6596 0
6597 152
6598 0
6599 55
6600 5
6601 61
6602 0
6603 17
6604 1
6605 5
6606 4
6607 46
6608 43
6609 0
6610 48
6611 16
6612 934
6613 1
6614 1
6615 4
6616 101
6617 0
6618 0
6619 25
6620 0
6621 46
6622 74
6623 74
6624 65
6625 0
6626 0
6627 115
6628 4
6629 40
6630 227
6631 0
6632 16
6633 0
6634 759
6635 3
6636 92
6637 0
6638 4
6639 4
6640 236
6641 4
6642 7
6643 0
6644 6
6645 0
6646 7
6647 0
6648 0
6649 178
6650 9
6651 1
6652 7
6653 0
6654 8
6655 0
6656 663
6657 0
6658 365
6659 267
6660 0
6661 28
6662 0
6663 170
6664 11
6665 8
6666 151
6667 7
6668 0
6669 0
6670 202
6671 359
6672 0
6673 69
6674 1
6675 7
6676 2
6677 296
6678 15
6679 4
6680 37
6681 3
6682 51
6683 1
6684 91
6685 0
6686 320
6687 345
6688 8
6689 639
6690 3
6691 463
6692 92
6693 3
6694 25
6695 0
6696 5
6697 2
6698 8
6699 12
6700 8
6701 1
6702 2
6703 5
6704 1
6705 156
6706 334
6707 0
6708 5
6709 3
6710 5
6711 8
6712 2
6713 0
6714 3
6715 1
6716 0
6717 102
6718 7
6719 1
6720 2
6721 66
6722 292
6723 7
6724 42
6725 0
6726 7
6727 1
6728 228
6729 3
6730 238
6731 21
6732 34
6733 0
6734 6
6735 4
6736 0
6737 38
6738 0
6739 60
6740 0
6741 316
6742 9
6743 1
6744 51
6745 2
6746 5
6747 3
6748 5
6749 49
6750 42
6751 0
6752 39
6753 8
6754 6
6755 5
6756 2
6757 3
6758 5
6759 8
6760 0
6761 7
6762 0
6763 479
6764 1
6765 3
6766 6
6767 3
6768 3
6769 78
6770 5
6771 4
6772 3
6773 7
6774 0
6775 211
6776 0
6777 8
6778 5
6779 2
6780 4
6781 14
6782 2
6783 1
6784 7
6785 0
6786 7
6787 0
6788 0
6789 6
6790 1
6791 531
6792 0
6793 21
6794 970
6795 12
6796 2
6797 76
6798 2
6799 3
6800 5
6801 11
6802 135
6803 65
6804 210
6805 0
6806 9
6807 5
6808 0
6809 1
6810 5
6811 525
6812 1
6813 10
6814 1
6815 4
6816 4
6817 0
6818 3
6819 11
6820 1
6821 1
6822 1
6823 5
6824 2
6825 8
6826 0
6827 442
6828 0
6829 0
6830 7
6831 1
6832 7
6833 1
6834 8
6835 27
6836 1
6837 7
6838 36
6839 3
6840 6
6841 0
6842 62
6843 5
6844 0
6845 123
6846 0
6847 0
6848 4
6849 5
6850 0
6851 6
6852 0
6853 1
6854 60
6855 132
6856 6
6857 0
6858 134
6859 245
6860 0
6861 0
6862 1
6863 0
6864 0
6865 9
6866 0
6867 3
6868 2
6869 3
6870 0
6871 1
6872 2
6873 7
6874 1
6875 6
6876 0
6877 7
6878 0
6879 5
6880 0
6881 3
6882 69
6883 4
6884 110
6885 4
6886 10
6887 4
6888 0
6889 1
6890 11
6891 2
6892 91
6893 1
6894 6
6895 111
6896 3
6897 7
6898 1
6899 6
6900 3
6901 4
6902 5
6903 0
6904 11
6905 0
6906 6
6907 0
6908 3
6909 1
6910 3
6911 1
6912 1
6913 14
6914 0
6915 1
6916 7
6917 2
6918 0
6919 2
6920 44
6921 0
6922 52
6923 0
6924 749
6925 5
6926 1
6927 5
6928 8
6929 7
6930 6
6931 1
6932 6
6933 1
6934 6
6935 5
6936 2
6937 7
6938 0
6939 6
6940 665
6941 2
6942 8
6943 0
6944 5
6945 0
6946 326
6947 4
6948 3
6949 4
6950 5
6951 0
6952 10
6953 0
6954 0
6955 70
6956 0
6957 0
6958 4
6959 1
6960 2
6961 4
6962 0
6963 85
6964 2
6965 153
6966 2
6967 1
6968 2
6969 144
6970 1
6971 3
6972 1
6973 161
6974 0
6975 7
6976 0
6977 11
6978 7
6979 0
6980 35
6981 1
6982 9
6983 8
6984 0
6985 8
6986 2
6987 257
6988 580
6989 0
6990 0
6991 7
6992 4
6993 591
6994 0
6995 2
6996 1
6997 3
6998 843
6999 5
7000 10
7001 3
7002 151
7003 3
7004 6
7005 1
7006 5
7007 1
7008 10
7009 1
7010 3
7011 23
7012 4
7013 14
7014 6
7015 9
7016 6
7017 1
7018 4
7019 0
7020 2
7021 2
7022 1446
7023 2
7024 2
7025 0
7026 53
7027 1
7028 2
7029 7
7030 1
7031 131
7032 1
7033 4
7034 3
7035 59
7036 0
7037 2
7038 0
7039 0
7040 380
7041 0
7042 3
7043 492
7044 4
7045 106
7046 1
7047 51
7048 5
7049 1
7050 30
7051 6
7052 0
7053 4
7054 25
7055 2
7056 25
7057 75
7058 3
7059 9
7060 133
7061 7
7062 2
7063 5
7064 0
7065 0
7066 147
7067 9
7068 53
7069 2
7070 4
7071 4
7072 8
7073 1
7074 7
7075 27
7076 1
7077 16
7078 174
7079 175
7080 0
7081 72
7082 32
7083 234
7084 0
7085 0
7086 0
7087 392
7088 0
7089 12
7090 5
7091 5
7092 1
7093 951
7094 0
7095 111
7096 4
7097 38
7098 6
7099 2
7100 3
7101 7
7102 3
7103 0
7104 1
7105 3
7106 2
7107 232
7108 0
7109 696
7110 70
7111 0
7112 1
7113 3
7114 1
7115 49
7116 1
7117 133
7118 0
7119 5
7120 2
7121 0
7122 1102
7123 2
7124 4
7125 1
7126 3
7127 11
7128 1
7129 38
7130 458
7131 3
7132 1
7133 15
7134 37
7135 642
7136 533
7137 5
7138 21
7139 1
7140 28
7141 270
7142 0
7143 161
7144 0
7145 7
7146 4
7147 7
7148 6
7149 33
7150 7
7151 0
7152 82
7153 16
7154 3
7155 17
7156 4
7157 45
7158 9
7159 56
7160 0
7161 23
7162 145
7163 0
7164 539
7165 0
7166 100
7167 29
7168 0
7169 6
7170 0
7171 614
7172 40
7173 0
7174 0
7175 3
7176 1
7177 75
7178 527
7179 1
7180 6
7181 1
7182 4
7183 4
7184 15
7185 12
7186 2
7187 134
7188 5
7189 3
7190 0
7191 320
7192 1
7193 260
7194 0
7195 161
7196 1
7197 268
7198 98
7199 45
7200 0
7201 1
7202 1
7203 7
7204 8
7205 3
7206 0
7207 9
7208 9
7209 2
7210 20
7211 3
7212 40
7213 1
7214 11
7215 11
7216 7
7217 147
7218 1
7219 131
7220 5
7221 75
7222 6
7223 0
7224 7
7225 0
7226 7
7227 1
7228 1
7229 5
7230 944
7231 0
7232 9
7233 4
7234 1
7235 7
7236 3
7237 3
7238 6
7239 9
7240 3
7241 332
7242 2
7243 8
7244 8
7245 1
7246 25
7247 4
7248 10
7249 940
7250 4
7251 4
7252 2
7253 4
7254 16
7255 6
7256 2
7257 16
7258 1
7259 9
7260 2
7261 9
7262 2
7263 416
7264 8
7265 8
7266 143
7267 299
7268 0
7269 7
7270 2
7271 5
7272 1
7273 6
7274 0
7275 489
7276 3
7277 0
7278 3
7279 4
7280 6
7281 2
7282 5
7283 0
7284 7
7285 2
7286 5
7287 0
7288 6
7289 2
7290 281
7291 1
7292 59
7293 1
7294 171
7295 103
7296 0
7297 90
7298 1
7299 47
7300 10
7301 2
7302 12
7303 5
7304 57
7305 448
7306 31
7307 0
7308 11
7309 9
7310 8
7311 308
7312 1
7313 116
7314 11
7315 0
7316 19
7317 1
7318 3
7319 3
7320 1
7321 1
7322 31
7323 9
7324 6
7325 0
7326 0
7327 5
7328 1
7329 8
7330 2
7331 152
7332 5
7333 665
7334 2
7335 352
7336 0
7337 10
7338 0
7339 7
7340 4
7341 11
7342 9
7343 3
7344 0
7345 9
7346 7
7347 3
7348 6
7349 1
7350 3
7351 109
7352 11
7353 1
7354 164
7355 1
7356 4
7357 0
7358 0
7359 57
7360 1
7361 241
7362 1
7363 11
7364 1
7365 7
7366 1
7367 1
7368 259
7369 8
7370 5
7371 1
7372 1
7373 4
7374 1
7375 0
7376 3
7377 4
7378 0
7379 5
7380 1
7381 5
7382 6
7383 0
7384 0
7385 2
7386 0
7387 5
7388 2
7389 7
7390 4
7391 9
7392 1
7393 7
7394 1
7395 9
7396 2
7397 6
7398 6
7399 0
7400 3
7401 2
7402 7
7403 0
7404 2
7405 2
7406 5
7407 0
7408 8
7409 4
7410 5
7411 8
7412 0
7413 5
7414 0
7415 6
7416 6
7417 0
7418 126
7419 0
7420 9
7421 7
7422 3
7423 7
7424 0
7425 6
7426 1
7427 11
7428 6
7429 1
7430 3
7431 4
7432 1
7433 2
7434 5
7435 5
7436 9
7437 5
7438 6
7439 3
7440 0
7441 2
7442 5
7443 4
7444 0
7445 11
7446 0
7447 2
7448 3
7449 2
7450 5
7451 4
7452 128
7453 7
7454 6
7455 0
7456 3
7457 2
7458 4
7459 8
7460 0
7461 6
7462 3
7463 6
7464 1
7465 6
7466 5
7467 6
7468 4
7469 4
7470 9
7471 2
7472 9
7473 5
7474 1
7475 4
7476 0
7477 4
7478 7
7479 1
7480 1
7481 4
7482 5
7483 5
7484 3
7485 3
7486 0
7487 6
7488 0
7489 4
7490 0
7491 0
7492 3
7493 5
7494 2
7495 144
7496 4
7497 2
7498 4
7499 0
7500 18
7501 120
7502 1
7503 6
7504 1
7505 9
7506 296
7507 1
7508 6
7509 6
7510 11
7511 6
7512 8
7513 2
7514 9
7515 8
7516 7
7517 8
7518 6
7519 3
7520 157
7521 67
7522 2
7523 4
7524 0
7525 16
7526 6
7527 446
7528 0
7529 3
7530 1
7531 3
7532 0
7533 2
7534 0
7535 7
7536 1
7537 7
7538 7
7539 12
7540 1
7541 175
7542 0
7543 4
7544 8
7545 1
7546 6
7547 23
7548 11
7549 6
7550 4
7551 4
7552 7
7553 0
7554 10
7555 11
7556 8
7557 11
7558 8
7559 1
7560 14
7561 1
7562 5
7563 0
7564 5
7565 1
7566 3
7567 7
7568 0
7569 5
7570 7
7571 1
7572 2
7573 6
7574 5
7575 13
7576 1
7577 9
7578 1
7579 10
7580 4
7581 11
7582 7
7583 8
7584 5
7585 0
7586 6
7587 0
7588 3
7589 3
7590 6
7591 0
7592 1
7593 3
7594 7
7595 8
7596 3
7597 2
7598 5
7599 4
7600 6
7601 1
7602 5
7603 2
7604 10
7605 3
7606 0
7607 4
7608 0
7609 7
7610 5
7611 2
7612 4
7613 8
7614 10
7615 8
7616 10
7617 7
7618 8
7619 2
7620 7
7621 7
7622 9
7623 4
7624 4
7625 6
7626 511
7627 1
7628 2
7629 5
7630 8
7631 9
7632 7
7633 4
7634 6
7635 2
7636 6
7637 3
7638 0
7639 60
7640 0
7641 6
7642 1
7643 1
7644 15
7645 3
7646 0
7647 6
7648 10
7649 5
7650 5
7651 16
7652 7
7653 2
7654 10
7655 5
7656 0
7657 7
7658 0
7659 6
7660 0
7661 7
7662 0
7663 2
7664 5
7665 4
7666 3
7667 3
7668 2
7669 4
7670 5
7671 6
7672 10
7673 10
7674 6
7675 9
7676 4
7677 2
7678 4
7679 6
7680 4
7681 3
7682 7
7683 6
7684 1
7685 6
7686 0
7687 6
7688 1
7689 5
7690 313
7691 6
7692 8
7693 1
7694 10
7695 0
7696 1
7697 0
7698 1
7699 13
7700 11
7701 5
7702 5
7703 5
7704 9
7705 6
7706 12
7707 9
7708 5
7709 2
7710 3
7711 0
7712 4
7713 6
7714 6
7715 7
7716 9
7717 2
7718 7
7719 7
7720 0
7721 7
7722 0
7723 6
7724 0
7725 2
7726 6
7727 4
7728 0
7729 10
7730 9
7731 5
7732 6
7733 0
7734 6
7735 0
7736 5
7737 5
7738 0
7739 5
7740 0
7741 6
7742 2
7743 5
7744 9
7745 3
7746 0
7747 10
7748 7
7749 1
7750 3
7751 2
7752 7
7753 0
7754 3
7755 2
7756 10
7757 3
7758 2
7759 5
7760 0
7761 4
7762 2
7763 0
7764 5
7765 3
7766 5
7767 0
7768 1
7769 4
7770 6
7771 3
7772 6
7773 4
7774 1
7775 2
7776 5
7777 0
7778 2
7779 0
7780 5
7781 9
7782 6
7783 11
7784 5
7785 8
7786 3
7787 5
7788 2
7789 2
7790 7
7791 3
7792 6
7793 2
7794 4
7795 4
7796 7
7797 4
7798 1
7799 7
7800 5
7801 6
7802 0
7803 3
7804 1
7805 3
7806 2
7807 6
7808 1
7809 8
7810 2
7811 6
7812 3
7813 10
7814 4
7815 2
7816 3
7817 8
7818 6
7819 5
7820 1
7821 1
7822 3
7823 9
7824 1
7825 8
7826 1
7827 8
7828 2
7829 3
7830 4
7831 1
7832 0
7833 7
7834 0
7835 3
7836 3
7837 2
7838 0
7839 3
7840 10
7841 1
7842 7
7843 2
7844 8
7845 2
7846 5
7847 0
7848 0
7849 7
7850 0
7851 1090
7852 10
7853 6
7854 6
7855 0
7856 247
7857 4
7858 1
7859 209
7860 3
7861 207
7862 8
7863 1
7864 8
7865 0
7866 7
7867 0
7868 3
7869 5
7870 3
7871 2
7872 1
7873 7
7874 0
7875 0
7876 5
7877 1
7878 5
7879 0
7880 0
7881 164
7882 3
7883 0
7884 3
7885 5
7886 11
7887 0
7888 0
7889 4
7890 0
7891 1
7892 2
7893 10
7894 140
7895 7
7896 1
7897 2
7898 1
7899 4
7900 0
7901 10
7902 5
7903 3
7904 13
7905 45
7906 1
7907 16
7908 0
7909 8
7910 0
7911 6
7912 16
7913 2
7914 7
7915 5
7916 3
7917 2
7918 4
7919 3
7920 2
7921 3
7922 4
7923 5
7924 10
7925 4
7926 1
7927 507
7928 1
7929 4
7930 1
7931 7
7932 9
7933 7
7934 1
7935 5
7936 0
7937 3
7938 2
7939 7
7940 3
7941 7
7942 0
7943 6
7944 1
7945 0
7946 14
7947 0
7948 0
7949 3
7950 1
7951 170
7952 8
7953 6
7954 19
7955 6
7956 2
7957 4
7958 1
7959 400
7960 0
7961 0
7962 4
7963 0
7964 4
7965 0
7966 238
7967 168
7968 5
7969 2
7970 132
7971 2
7972 199
7973 0
7974 519
7975 0
7976 470
7977 0
7978 11
7979 0
7980 4
7981 6
7982 3
7983 3
7984 9
7985 1
7986 643
7987 3
7988 0
7989 58
7990 0
7991 34
7992 90
7993 34
7994 0
7995 7
7996 1
7997 3
7998 3
7999 7
8000 10
8001 0
8002 1
8003 1
8004 5
8005 0
8006 5
8007 0
8008 3
8009 0
8010 5
8011 3
8012 7
8013 3
8014 1
8015 6
8016 2
8017 6
8018 2
8019 4
8020 0
8021 417
8022 2
8023 6
8024 3
8025 44
8026 4
8027 5
8028 78
8029 1
8030 10
8031 3
8032 8
8033 3
8034 5
8035 8
8036 7
8037 1
8038 4
8039 4
8040 1
8041 10
8042 2
8043 8
8044 3
8045 3
8046 10
8047 1
8048 10
8049 3
8050 6
8051 7
8052 3
8053 343
8054 122
8055 1
8056 112
8057 2
8058 8
8059 4
8060 8
8061 1
8062 8
8063 1
8064 2
8065 7
8066 16
8067 0
8068 3
8069 2
8070 13
8071 6
8072 1
8073 11
8074 2
8075 5
8076 7
8077 3
8078 4
8079 1
8080 5
8081 3
8082 8
8083 4
8084 0
8085 6
8086 5
8087 81
8088 0
8089 3
8090 36
8091 28
8092 1
8093 93
8094 3
8095 3
8096 8
8097 5
8098 3
8099 0
8100 0
8101 1
8102 4
8103 4
8104 26
8105 10
8106 7
8107 8
8108 15
8109 6
8110 96
8111 1
8112 7
8113 4
8114 9
8115 3
8116 10
8117 3
8118 1
8119 5
8120 4
8121 7
8122 5
8123 10
8124 8
8125 1
8126 0
8127 10
8128 0
8129 258
8130 0
8131 198
8132 0
8133 2
8134 4
8135 6
8136 9
8137 1
8138 671
8139 3
8140 0
8141 13
8142 5
8143 3
8144 4
8145 6
8146 0
8147 6
8148 3
8149 41
8150 11
8151 3
8152 2
8153 7
8154 13
8155 1
8156 2
8157 2
8158 2
8159 0
8160 0
8161 3
8162 6
8163 5
8164 0
8165 1
8166 3
8167 0
8168 6
8169 0
8170 240
8171 0
8172 231
8173 8
8174 0
8175 2
8176 4
8177 1
8178 6
8179 5
8180 1
8181 6
8182 2
8183 8
8184 2
8185 0
8186 8
8187 5
8188 0
8189 2
8190 6
8191 0
8192 239
8193 1
8194 4
8195 0
8196 9
8197 7
8198 0
8199 3
8200 105
8201 5
8202 5
8203 0
8204 1
8205 1
8206 5
8207 294
8208 7
8209 0
8210 4
8211 14
8212 1
8213 4
8214 0
8215 8
8216 1
8217 5
8218 8
8219 9
8220 562
8221 1
8222 7
8223 1
8224 11
8225 1
8226 8
8227 2
8228 6
8229 1
8230 3
8231 0
8232 5
8233 0
8234 4
8235 0
8236 2
8237 3
8238 0
8239 5
8240 3
8241 4
8242 0
8243 7
8244 7
8245 5
8246 5
8247 2
8248 2
8249 2
8250 2
8251 3
8252 0
8253 4
8254 1
8255 3
8256 7
8257 5
8258 2
8259 4
8260 1
8261 5
8262 0
8263 5
8264 0
8265 3
8266 5
8267 1
8268 5
8269 2
8270 3
8271 2
8272 7
8273 3
8274 5
8275 5
8276 0
8277 3
8278 5
8279 0
8280 7
8281 1
8282 4
8283 6
8284 0
8285 7
8286 1
8287 2
8288 7
8289 5
8290 8
8291 1
8292 4
8293 0
8294 5
8295 6
8296 7
8297 3
8298 8
8299 2
8300 3
8301 2
8302 0
8303 2
8304 0
8305 1
8306 3
8307 0
8308 5
8309 3
8310 7
8311 0
8312 3
8313 65
8314 6
8315 0
8316 5
8317 4
8318 0
8319 3
8320 6
8321 3
8322 5
8323 1
8324 5
8325 1
8326 5
8327 0
8328 0
8329 5
8330 4
8331 3
8332 5
8333 8
8334 2
8335 3
8336 1
8337 9
8338 1
8339 7
8340 2
8341 7
8342 2
8343 1
8344 5
8345 0
8346 10
8347 6
8348 6
8349 5
8350 2
8351 4
8352 7
8353 4
8354 6
8355 3
8356 0
8357 3
8358 0
8359 5
8360 6
8361 6
8362 6
8363 2
8364 3
8365 7
8366 7
8367 0
8368 2
8369 1
8370 4
8371 0
8372 1
8373 3
8374 2
8375 2
8376 3
8377 3
8378 2
8379 6
8380 10
8381 5
8382 4
8383 0
8384 1
8385 2
8386 5
8387 5
8388 0
8389 3
8390 1
8391 5
8392 3
8393 5
8394 1
8395 5
8396 6
8397 10
8398 5
8399 1
8400 1
8401 8
8402 0
8403 5
8404 1
8405 8
8406 6
8407 5
8408 6
8409 0
8410 4
8411 1
8412 2
8413 5
8414 3
8415 4
8416 2
8417 2
8418 5
8419 4
8420 7
8421 3
8422 9
8423 1
8424 2
8425 7
8426 2
8427 3
8428 1
8429 3
8430 6
8431 9
8432 2
8433 8
8434 4
8435 4
8436 2
8437 2
8438 5
8439 0
8440 6
8441 2
8442 4
8443 0
8444 4
8445 1
8446 5
8447 0
8448 1
8449 8
8450 9
8451 2
8452 4
8453 2
8454 3
8455 2
8456 4
8457 1
8458 13
8459 6
8460 2
8461 4
8462 1
8463 5
8464 2
8465 7
8466 2
8467 8
8468 6
8469 1
8470 3
8471 0
8472 7
8473 0
8474 6
8475 0
8476 7
8477 7
8478 2
8479 5
8480 0
8481 5
8482 0
8483 1
8484 0
8485 8
8486 1
8487 11
8488 3
8489 12
8490 15
8491 1
8492 4
8493 7
8494 3
8495 6
8496 1
8497 5
8498 0
8499 3
8500 6
8501 6
8502 4
8503 0
8504 7
8505 0
8506 5
8507 0
8508 3
8509 0
8510 2
8511 3
8512 1
8513 5
8514 0
8515 5
8516 0
8517 3
8518 6
8519 4
8520 10
8521 5
8522 9
8523 9
8524 3
8525 5
8526 7
8527 11
8528 5
8529 4
8530 6
8531 3
8532 4
8533 5
8534 0
8535 9
8536 0
8537 6
8538 1
8539 4
8540 0
8541 4
8542 0
8543 9
8544 0
8545 4
8546 2
8547 3
8548 1
8549 7
8550 0
8551 5
8552 0
8553 0
8554 4
8555 0
8556 0
8557 6
8558 0
8559 5
8560 5
8561 0
8562 5
8563 0
8564 4
8565 2
8566 7
8567 0
8568 5
8569 1
8570 5
8571 2
8572 4
8573 5
8574 0
8575 7
8576 0
8577 0
8578 1
8579 6
8580 5
8581 2
8582 4
8583 5
8584 0
8585 4
8586 4
8587 8
8588 6
8589 9
8590 4
8591 5
8592 1
8593 7
8594 10
8595 7
8596 558
8597 3
8598 3
8599 0
8600 2
8601 7
8602 4
8603 5
8604 2
8605 4
8606 7
8607 3
8608 6
8609 4
8610 4
8611 5
8612 1
8613 6
8614 1
8615 10
8616 7
8617 4
8618 7
8619 7
8620 9
8621 9
8622 6
8623 3
8624 4
8625 4
8626 5
8627 4
8628 3
8629 5
8630 0
8631 6
8632 5
8633 0
8634 7
8635 1
8636 5
8637 1
8638 2
8639 4
8640 0
8641 390
8642 1
8643 6
8644 1
8645 630
8646 1
8647 11
8648 1
8649 69
8650 0
8651 297
8652 1
8653 8
8654 0
8655 7
8656 4
8657 11
8658 3
8659 9
8660 7
8661 1
8662 10
8663 9
8664 12
8665 5
8666 9
8667 7
8668 2
8669 8
8670 0
8671 1
8672 5
8673 0
8674 5
8675 3
8676 0
8677 1
8678 4
8679 0
8680 5
8681 5
8682 5
8683 1
8684 7
8685 5
8686 5
8687 0
8688 4
8689 0
8690 8
8691 2
8692 3
8693 2
8694 4
8695 2
8696 2
8697 4
8698 1
8699 11
8700 6
8701 5
8702 5
8703 2
8704 0
8705 13
8706 0
8707 8
8708 0
8709 2
8710 1
8711 1
8712 4
8713 0
8714 10
8715 1
8716 6
8717 0
8718 6
8719 3
8720 0
8721 3
8722 3
8723 0
8724 4
8725 5
8726 4
8727 5
8728 1
8729 4
8730 1
8731 3
8732 0
8733 1
8734 5
8735 1
8736 2
8737 1
8738 4
8739 1
8740 5
8741 1
8742 4
8743 1
8744 2
8745 0
8746 3
8747 5
8748 0
8749 5
8750 3
8751 2
8752 5
8753 5
8754 0
8755 3
8756 0
8757 7
8758 4
8759 5
8760 0
8761 3
8762 0
8763 2
8764 4
8765 6
8766 0
8767 0
8768 12
8769 6
8770 4
8771 1
8772 2
8773 5
8774 10
8775 2
8776 9
8777 3
8778 5
8779 3
8780 3
8781 0
8782 3
8783 0
8784 4
8785 4
8786 3
8787 11
8788 11
8789 11
8790 2
8791 1
8792 4
8793 0
8794 7
8795 3
8796 0
8797 5
8798 0
8799 7
8800 3
8801 7
8802 0
8803 8
8804 7
8805 2
8806 4
8807 14
8808 4
8809 0
8810 10
8811 7
8812 3
8813 3
8814 6
8815 1
8816 7
8817 1
8818 4
8819 0
8820 5
8821 0
8822 8
8823 0
8824 4
8825 2
8826 4
8827 1
8828 5
8829 3
8830 7
8831 3
8832 1
8833 4
8834 0
8835 8
8836 6
8837 3
8838 7
8839 5
8840 16
8841 1
8842 1
8843 4
8844 0
8845 5
8846 1
8847 6
8848 0
8849 3
8850 2
8851 4
8852 3
8853 0
8854 5
8855 0
8856 7
8857 0
8858 1
8859 0
8860 2
8861 0
8862 0
8863 0
8864 6
8865 3
8866 3
8867 5
8868 0
8869 0
8870 7
8871 8
8872 0
8873 3
8874 1
8875 2
8876 4
8877 1
8878 6
8879 0
8880 5
8881 3
8882 3
8883 5
8884 0
8885 1
8886 0
8887 5
8888 1
8889 3
8890 3
8891 0
8892 2
8893 5
8894 0
8895 7
8896 1
8897 6
8898 2
8899 10
8900 3
8901 1
8902 8
8903 0
8904 4
8905 0
8906 1
8907 5
8908 0
8909 2
8910 8
8911 1
8912 7
8913 2
8914 7
8915 0
8916 5
8917 3
8918 0
8919 3
8920 9
8921 6
8922 10
8923 6
8924 14
8925 1
8926 2
8927 6
8928 4
8929 5
8930 2
8931 5
8932 0
8933 5
8934 1
8935 4
8936 0
8937 2
8938 7
8939 3
8940 5
8941 8
8942 2
8943 4
8944 0
8945 6
8946 12
8947 12
8948 1
8949 6
8950 4
8951 3
8952 1
8953 5
8954 0
8955 4
8956 3
8957 3
8958 3
8959 0
8960 5
8961 0
8962 4
8963 0
8964 7
8965 0
8966 10
8967 5
8968 10
8969 1
8970 4
8971 1
8972 6
8973 1
8974 2
8975 0
8976 5
8977 5
8978 0
8979 6
8980 0
8981 4
8982 0
8983 3
8984 1
8985 7
8986 3
8987 5
8988 8
8989 1
8990 4
8991 8
8992 2
8993 10
8994 6
8995 1
8996 5
8997 0
8998 5
8999 5
9000 4
9001 11
9002 3
9003 11
9004 3
9005 7
9006 0
9007 8
9008 1
9009 5
9010 1
9011 2
9012 6
9013 0
9014 6
9015 1
9016 9
9017 5
9018 8
9019 6
9020 6
9021 2
9022 133
9023 0
9024 4
9025 0
9026 2
9027 0
9028 2
9029 78
9030 0
9031 4
9032 1
9033 3
9034 6
9035 3
9036 5
9037 0
9038 8
9039 11
9040 9
9041 8
9042 1
9043 4
9044 1
9045 7
9046 7
9047 2
9048 2
9049 5
9050 0
9051 3
9052 97
9053 6
9054 1
9055 9
9056 3
9057 5
9058 2
9059 12
9060 2
9061 97
9062 6
9063 7
9064 1
9065 5
9066 3
9067 8
9068 1
9069 5
9070 3
9071 4
9072 0
9073 5
9074 0
9075 5
9076 0
9077 2
9078 2
9079 0
9080 3
9081 3
9082 1
9083 4
9084 0
9085 6
9086 4
9087 2
9088 2
9089 1
9090 4
9091 0
9092 1
9093 6
9094 0
9095 2
9096 0
9097 4
9098 1
9099 3
9100 4
9101 0
9102 1
9103 4
9104 4
9105 0
9106 1
9107 0
9108 3
9109 2
9110 0
9111 5
9112 0
9113 3
9114 0
9115 3
9116 3
9117 1
9118 8
9119 1
9120 8
9121 2
9122 3
9123 1
9124 6
9125 0
9126 5
9127 0
9128 6
9129 4
9130 2
9131 2
9132 0
9133 4
9134 0
9135 9
9136 7
9137 1
9138 0
9139 5
9140 3
9141 3
9142 0
9143 2
9144 1
9145 3
9146 2
9147 6
9148 0
9149 0
9150 2
9151 5
9152 5
9153 2
9154 11
9155 4
9156 4
9157 1
9158 5
9159 1
9160 4
9161 2
9162 1
9163 7
9164 8
9165 1
9166 3
9167 5
9168 2
9169 6
9170 3
9171 5
9172 4
9173 0
9174 9
9175 2
9176 6
9177 5
9178 0
9179 10
9180 3
9181 4
9182 1
9183 6
9184 6
9185 5
9186 7
9187 9
9188 1
9189 4
9190 0
9191 3
9192 7
9193 5
9194 7
9195 5
9196 2
9197 1
9198 3
9199 3
9200 3
9201 1
9202 4
9203 0
9204 5
9205 1
9206 4
9207 8
9208 1
9209 9
9210 1
9211 12
9212 4
9213 5
9214 2
9215 8
9216 7
9217 3
9218 6
9219 4
9220 6
9221 0
9222 2
9223 5
9224 0
9225 2
9226 5
9227 1
9228 4
9229 5
9230 4
9231 5
9232 0
9233 7
9234 6
9235 5
9236 6
9237 1
9238 7
9239 2
9240 5
9241 2
9242 6
9243 0
9244 2
9245 5
9246 0
9247 1
9248 3
9249 0
9250 5
9251 9
9252 4
9253 10
9254 6
9255 5
9256 1
9257 3
9258 4
9259 3
9260 2
9261 4
9262 2
9263 8
9264 4
9265 4
9266 1
9267 7
9268 7
9269 9
9270 5
9271 1
9272 3
9273 7
9274 3
9275 0
9276 0
9277 4
9278 7
9279 7
9280 1
9281 5
9282 1
9283 13
9284 1
9285 9
9286 5
9287 5
9288 6
9289 9
9290 6
9291 2
9292 10
9293 15
9294 6
9295 6
9296 3
9297 6
9298 2
9299 7
9300 4
9301 4
9302 5
9303 0
9304 3
9305 4
9306 2
9307 5
9308 11
9309 2
9310 5
9311 0
9312 5
9313 0
9314 4
9315 5
9316 0
9317 8
9318 4
9319 1
9320 6
9321 3
9322 7
9323 10
9324 4
9325 6
9326 5
9327 3
9328 4
9329 0
9330 6
9331 0
9332 6
9333 0
9334 5
9335 3
9336 6
9337 3
9338 4
9339 2
9340 3
9341 5
9342 3
9343 6
9344 5
9345 5
9346 3
9347 10
9348 4
9349 5
9350 1
9351 13
9352 3
9353 7
9354 0
9355 2
9356 0
9357 3
9358 5
9359 0
9360 6
9361 1
9362 5
9363 1
9364 4
9365 0
9366 5
9367 5
9368 0
9369 9
9370 5
9371 0
9372 5
9373 3
9374 12
9375 2
9376 1
9377 2
9378 0
9379 3
9380 0
9381 5
9382 3
9383 0
9384 4
9385 0
9386 11
9387 1
9388 4
9389 0
9390 7
9391 3
9392 4
9393 6
9394 6
9395 8
9396 7
9397 3
9398 4
9399 9
9400 6
9401 6
9402 3
9403 5
9404 4
9405 0
9406 4
9407 5
9408 0
9409 5
9410 5
9411 5
9412 1
9413 5
9414 5
9415 8
9416 3
9417 4
9418 4
9419 2
9420 3
9421 0
9422 2
9423 12
9424 6
9425 5
9426 2
9427 2
9428 0
9429 2
9430 1
9431 581
9432 1
9433 3
9434 0
9435 4
9436 0
9437 6
9438 0
9439 5
9440 1
9441 2
9442 0
9443 10
9444 3
9445 4
9446 3
9447 0
9448 3
9449 2
9450 6
9451 6
9452 2
9453 0
9454 2
9455 6
9456 1
9457 8
9458 2
9459 11
9460 107
9461 5
9462 5
9463 2
9464 3
9465 0
9466 8
9467 1
9468 8
9469 2
9470 2
9471 10
9472 4
9473 4
9474 4
9475 4
9476 1
9477 5
9478 5
9479 1
9480 8
9481 2
9482 6
9483 4
9484 13
9485 9
9486 6
9487 3
9488 2
9489 6
9490 5
9491 1
9492 4
9493 0
9494 3
9495 0
9496 1
9497 2
9498 4
9499 2
9500 7
9501 1
9502 5
9503 4
9504 3
9505 6
9506 5
9507 3
9508 3
9509 2
9510 5
9511 1
9512 4
9513 0
9514 3
9515 2
9516 0
9517 1
9518 2
9519 2
9520 7
9521 1
9522 2
9523 7
9524 1
9525 0
9526 3
9527 6
9528 7
9529 11
9530 2
9531 1
9532 7
9533 4
9534 5
9535 7
9536 3
9537 0
9538 5
9539 1
9540 1
9541 6
9542 1
9543 3
9544 1
9545 61
9546 1
9547 309
9548 11
9549 2
9550 6
9551 0
9552 4
9553 5
9554 0
9555 4
9556 1
9557 28
9558 3
9559 366
9560 0
9561 2
9562 2
9563 0
9564 9
9565 1
9566 5
9567 4
9568 1
9569 5
9570 0
9571 70
9572 5
9573 90
9574 6
9575 5
9576 8
9577 2
9578 8
9579 1
9580 9
9581 1
9582 5
9583 0
9584 10
9585 0
9586 7
9587 3
9588 0
9589 3
9590 2
9591 1
9592 0
9593 4
9594 0
9595 4
9596 0
9597 7
9598 0
9599 21
9600 2
9601 4
9602 3
9603 6
9604 8
9605 7
9606 4
9607 0
9608 7
9609 4
9610 0
9611 4
9612 0
9613 1
9614 3
9615 0
9616 4
9617 5
9618 3
9619 4
9620 0
9621 4
9622 2
9623 0
9624 11
9625 12
9626 4
9627 2
9628 3
9629 4
9630 0
9631 4
9632 0
9633 6
9634 0
9635 4
9636 1
9637 8
9638 4
9639 9
9640 2
9641 10
9642 123
9643 3
9644 1
9645 4
9646 3
9647 2
9648 6
9649 2
9650 9
9651 8
9652 2
9653 5
9654 1
9655 4
9656 2
9657 7
9658 3
9659 7
9660 11
9661 8
9662 6
9663 3
9664 6
9665 1
9666 10
9667 4
9668 4
9669 11
9670 1
9671 6
9672 2
9673 11
9674 1
9675 9
9676 3
9677 3
9678 0
9679 1
9680 2
9681 8
9682 1
9683 3
9684 1
9685 7
9686 4
9687 17
9688 11
9689 9
9690 9
9691 2
9692 2
9693 4
9694 18
9695 2
9696 15
9697 2
9698 5
9699 8
9700 2
9701 6
9702 0
9703 5
9704 0
9705 4
9706 5
9707 6
9708 7
9709 1
9710 2
9711 18
9712 6
9713 4
9714 7
9715 4
9716 1
9717 5
9718 0
9719 380
9720 3
9721 3
9722 4
9723 0
9724 3
9725 5
9726 3
9727 2
9728 5
9729 0
9730 0
9731 3
9732 0
9733 7
9734 4
9735 0
9736 5
9737 1
9738 2
9739 2
9740 2
9741 5
9742 3
9743 0
9744 4
9745 6
9746 0
9747 9
9748 1
9749 4
9750 0
9751 4
9752 1
9753 4
9754 3
9755 4
9756 4
9757 5
9758 0
9759 3
9760 6
9761 5
9762 5
9763 4
9764 3
9765 3
9766 0
9767 2
9768 4
9769 0
9770 3
9771 3
9772 1
9773 4
9774 4
9775 1
9776 9
9777 4
9778 2
9779 4
9780 1
9781 10
9782 3
9783 5
9784 2
9785 5
9786 3
9787 5
9788 3
9789 7
9790 2
9791 7
9792 5
9793 3
9794 5
9795 2
9796 2
9797 7
9798 0
9799 7
9800 4
9801 5
9802 0
9803 5
9804 1
9805 7
9806 3
9807 7
9808 0
9809 3
9810 2
9811 3
9812 3
9813 0
9814 1
9815 4
9816 3
9817 4
9818 5
9819 8
9820 1
9821 5
9822 2
9823 7
9824 0
9825 7
9826 2
9827 7
9828 1
9829 8
9830 4
9831 0
9832 5
9833 1
9834 5
9835 1
9836 0
9837 3
9838 2
9839 1
9840 8
9841 7
9842 6
9843 5
9844 3
9845 0
9846 8
9847 0
9848 5
9849 0
9850 5
9851 1
9852 2
9853 0
9854 2
9855 5
9856 1
9857 3
9858 7
9859 2
9860 5
9861 3
9862 5
9863 6
9864 6
9865 2
9866 7
9867 1
9868 1
9869 8
9870 13
9871 5
9872 8
9873 3
9874 1
9875 6
9876 7
9877 5
9878 9
9879 6
9880 6
9881 3
9882 4
9883 12
9884 10
9885 6
9886 0
9887 2
9888 4
9889 2
9890 3
9891 8
9892 1
9893 2
9894 1
9895 8
9896 3
9897 6
9898 6
9899 5
9900 6
9901 0
9902 4
9903 8
9904 5
9905 5
9906 2
9907 6
9908 6
9909 1
9910 2
9911 0
9912 2
9913 7
9914 3
9915 2
9916 4
9917 1
9918 14
9919 6
9920 11
9921 1
9922 5
9923 0
9924 5
9925 0
9926 1
9927 0
9928 5
9929 0
9930 6
9931 5
9932 5
9933 3
9934 1
9935 5
9936 7
9937 11
9938 3
9939 4
9940 0
9941 5
9942 5
9943 0
9944 6
9945 6
9946 3
9947 0
9948 5
9949 4
9950 1
9951 7
9952 3
9953 3
9954 3
9955 5
9956 1
9957 6
9958 0
9959 7
9960 6
9961 1
9962 7
9963 3
9964 10
9965 5
9966 5
9967 9
9968 4
9969 1
9970 4
9971 0
9972 12
9973 8
9974 7
9975 2
9976 7
9977 4
9978 2
9979 2
9980 9
9981 6
9982 1
9983 6
9984 1
9985 9
9986 5
9987 6
9988 2
9989 5
9990 15
9991 1
9992 6
9993 0
9994 8
9995 0
9996 4
9997 0
9998 2
9999 0
