0 4076 100883056440385
1 3777 106979409702202
2 4277 137730251231798
3 3187 109693364217587
4 2185 65522656716043
5 3806 117103315745772
6 2752 90080784839660
7 3320 85129068744198
8 2365 69351685601440
9 3700 109826332761815
10 2623 78591769739226
11 2384 75759413965098
12 3786 108938535922026
13 4506 137979630536955
14 3977 101988826622952
15 3081 85258008502379
16 3783 111345409277589
17 2458 75623321266303
18 2668 82791380700844
19 2851 80448159648546
20 2504 78706827452149
21 2670 87093111605824
22 3372 109215968934116
23 3864 115158231311645
24 2995 84685428875926
25 2601 82345025690704
26 3260 99576450599124
27 4422 146833316873546
28 3402 78240923471422
29 3707 97110533442993
30 4122 132560700265592
31 2728 97294977852135
32 3806 105557109917974
33 3874 113655745424336
34 3024 90479027785447
35 4214 111411539413482
36 3294 104818889067463
37 2638 65948964902589
38 3144 84614953430697
39 4182 135947559293094
40 3063 74228326965168
41 3952 118796422562833
42 2415 74738080642255
43 3227 83056797153477
44 3319 96019129248119
45 3127 103349641186467
46 4246 108173131215098
47 3291 114283832016224
48 3107 81534661989064
49 2819 84644470000320
50 2273 71444346467406
51 4087 133102924012952
52 4206 102337767242237
53 3507 113938675820933
54 2775 83264519972787
55 2254 73834960550132
56 4040 95160178450019
57 4060 139031011971826
58 3902 118104370288725
59 2451 74849340720609
60 3612 121062116217264
61 3057 92465279817264
62 3576 108299762872869
63 2239 62942927580352
64 3538 117087985101284
65 3120 95990477978495
66 4976 156159050674241
67 2939 90665426240980
68 2960 93893544244004
69 4292 96259926239470
70 4046 114191129345483
71 4248 136351324272564
72 3607 102248448039261
73 4877 127880163505024
74 3486 95710302325482
75 3703 126423792044250
76 4487 143714477984119
77 3356 88314899230152
78 2994 87282437920334
79 3388 94472721460735
80 3519 112564153544042
81 2858 89523817441477
82 3931 118767401588562
83 3415 108751135553437
84 3279 87431787600391
85 2317 75392463456977
86 4687 141289706338801
87 3988 101600051605395
88 3460 97721111817095
89 3238 88110778802458
90 3588 123576144007414
91 2904 98223981144994
92 3730 114852945620756
93 2334 75067438277876
94 2779 89191524054739
95 3295 86869628925457
96 3979 110118356765498
97 2603 74055123717679
98 2917 84874840047559
99 3857 86329141085763
100 2150 60080856597287
101 3130 89189950480131
102 2834 75847404937323
103 2356 79431991991385
104 3128 86656910659399
105 1810 56545026508623
106 3958 100002263986490
107 3063 88382828702432
108 3459 102363643149739
109 3036 100485095754170
110 2904 100723991291380
111 3074 84824070385222
112 3691 111770327525341
113 4449 130134115215130
114 1942 62173152177840
115 2408 69184150056481
116 3176 96161180678621
117 2458 74310967724311
118 3452 102039656790064
119 2759 86317956871231
120 2219 69024630525141
121 3118 81838922494413
122 2150 58570486582389
123 2724 98871154305924
124 2863 88892349014682
125 3311 95809174025372
126 2510 65970395925086
127 2510 81405075801452
128 2374 78075786508491
129 3696 109933552030059
130 3800 96035384407175
131 3742 112268511512693
132 3069 96750511870568
133 2481 70365966240904
134 2348 70239679784585
135 3421 98181655981160
136 2266 61043668772155
137 3193 95216390426206
138 2374 77353534069147
139 3482 98820755372235
140 3462 114764276696301
141 4961 130456120923256
142 3533 77426175650484
143 3168 113145901540374
144 3008 95739847687782
145 2589 84222035803714
146 3053 85876757174516
147 3314 98944549668040
148 2397 72165648404791
149 2926 92691258056276
150 3273 104838669610936
151 3522 130410804626312
152 3200 99504437988037
153 2730 84863996498475
154 2624 72962411592048
155 4832 162878341869774
156 4440 131272536474476
157 3504 105488335635815
158 2872 74488072577771
159 3541 102568406791786
160 3308 97440016339334
161 3197 85751913170097
162 3498 124413894930723
163 3508 106767797782183
164 3235 90792949119821
165 2936 97240588966301
166 2622 82722716051306
167 3519 122357674799726
168 3751 122928989904467
169 2829 74184328016943
170 3148 88829258215417
171 2973 105675766502600
172 4241 134430022558180
173 3165 93316465808620
174 3100 97256807267559
175 2758 92715523066439
176 4439 129743487365833
177 2698 75560436556352
178 3036 108243804833921
179 4266 119630345131957
180 2894 73794174076540
181 3894 102070121822141
182 2499 83720364405263
183 2495 68094766886526
184 2741 80956768146537
185 4526 147692450387736
186 2296 73427362144178
187 2539 80452034872356
188 3444 94262164812842
189 2218 56341685311578
190 2887 83308241017259
191 2614 74132019357111
192 2254 63184520025794
193 2559 88395628300854
194 4455 116829027095508
195 3418 117535819076427
196 3481 92376397083748
197 4756 153893593042208
198 2991 81405765396811
199 2416 78412372074433
200 2974 98550906007820
201 3289 93899393308840
202 3921 108854142914662
203 3617 113416708730536
204 2729 85849848198609
205 2489 80077797167217
206 2756 84489977504960
207 3019 85917674031481
208 3037 110392564255861
209 2639 75506575074715
210 2868 81935224390096
211 2904 86368244053459
212 1951 56597551669036
213 2491 82485063848196
214 4148 127539594199602
215 2574 77574018886740
216 5254 156712217259317
217 3039 98084012683668
218 2974 90817746618200
219 2491 78711447511905
220 3219 85545118333273
221 4548 116755023936501
222 2963 87028201577834
223 3162 91166057702861
224 3735 122961804525842
225 2720 79809267324913
226 4991 152770134583078
227 3400 102226333671186
228 3070 87918339975090
229 2566 65895981202515
230 2951 94769869365124
231 3393 108126841970850
232 2700 88512583459872
233 3373 114491055395781
234 3146 108145207455020
235 3105 100512883881236
236 3065 90451086684838
237 3722 114500775476768
238 3189 94755506770391
239 3875 90417461219858
240 2391 82530339091713
241 3091 106125882323222
242 3287 80556651802550
243 2916 83597245137729
244 3139 83822035484256
245 3786 106274432292712
246 2854 76559677232807
247 2776 91267001162126
248 3435 102635934755170
249 3314 100860184550917
250 3644 101461369279755
251 3164 101845031494201
252 2479 71393772717628
253 2360 69945781090260
254 2786 78485021347745
255 3040 83554813072507
256 2931 95330369968138
257 2466 70428088409153
258 1942 55946817366652
259 3935 124662996875064
260 2989 90573589838870
261 3023 94103447198800
262 2040 62340126138034
263 3767 137730886397007
264 1841 51196585829523
265 3430 103867974456700
266 3056 98093424746118
267 3859 116523024788267
268 2740 72250812816647
269 4417 122477423758412
270 2009 54785818784632
271 3038 81234452346180
272 3073 85095473411999
273 4014 111626346459398
274 3444 97748670922561
275 3808 114586610977100
276 3317 100361308704603
277 2464 72998583999642
278 3554 102914991263738
279 4060 113890781527063
280 3647 114466692990318
281 2728 85837516704089
282 2846 76773915355303
283 3271 89777639061039
284 3422 99109253059024
285 3597 101290036097931
286 4477 121510271948317
287 3190 84968731712639
288 3829 118566051794885
289 2347 70421698547469
290 3108 96954066957018
291 4530 148284251691235
292 2560 91068781320750
293 2623 79761111860079
294 3298 98156522488190
295 3194 101746764551721
296 3021 88840598887116
297 2896 81166830084354
298 3335 115506230016411
299 4178 122860346160772
300 5134 131700266778422
301 2632 84148008879554
302 3074 82263213795276
303 3892 106983863966756
304 2713 78715690581528
305 4396 123475470516512
306 2740 85893537222814
307 3310 95518380079205
308 4205 135401253691457
309 3147 95805376022346
310 3530 104987135108547
311 4562 120661708984647
312 3112 100127509957221
313 3106 84901214484206
314 2700 78528749976823
315 3131 87451601241696
316 2639 71840626698786
317 3471 97320052002598
318 3063 85101375642273
319 1902 58144750495405
320 3405 99259015917744
321 3772 120008442697402
322 3388 112927931694464
323 2123 67476116546044
324 2992 87904994542902
325 3745 98758667705112
326 3564 90096506687738
327 4123 118366439809810
328 3238 94769876078119
329 2557 76299672571297
330 2399 74759765862519
331 2831 98277606633601
332 3789 107719432785203
333 3995 118506770056932
334 3931 125806364656982
335 3649 119380941016825
336 3639 105835065464978
337 3830 123841405513769
338 3240 92669550549275
339 3596 90833103504676
340 3047 84493465657883
341 2588 76539651583005
342 3320 81720731315785
343 3028 88430717109294
344 2026 63521604969446
345 5015 144439607529453
346 3441 92282062905599
347 3123 90547466607487
348 3154 98828829896467
349 3660 124369390367949
350 3648 111878101604924
351 2550 75757507016828
352 2380 69318915925613
353 2747 64276108381736
354 2173 64486165582568
355 3063 96972992698210
356 2488 85063845812820
357 2557 76102412635256
358 3033 101138316077163
359 1783 54275844089551
360 3377 114529477239774
361 2802 79539952659687
362 2776 77189331112456
363 3380 92485308582639
364 3201 95376185135121
365 3311 117502845923696
366 2252 62590375345166
367 3172 97477059121337
368 3999 103909673014318
369 3594 131260557409540
370 2797 82281637620415
371 3048 82821303492254
372 2808 85902216887449
373 2824 79038718300608
374 2284 78050544415515
375 2973 90271263960175
376 3260 93861928450771
377 4587 145830912592296
378 2769 91907524212297
379 2837 77772139941173
380 2764 89495838643566
381 3760 121585424788646
382 3012 94879389744700
383 3218 106193085990683
384 3471 101088694018506
385 4389 142896924723169
386 4128 157029985083055
387 3336 84424905911705
388 3606 114610283484460
389 2098 57191770896697
390 3555 97443179755879
391 3108 78884227610025
392 2708 83067143359293
393 3008 88301254679441
394 3453 90899976640345
395 3817 116712235907987
396 3448 92787879541890
397 2345 67215480915594
398 2758 83557444107339
399 4008 120628689536668
400 3057 95514316721288
401 3513 104559136963161
402 1906 55475553791581
403 3165 75515376897353
404 2298 74998443276779
405 2664 89579327638813
406 3630 102813961989822
407 4297 99748021539701
408 2999 103722982006569
409 2930 88692606926271
410 3206 93642661963000
411 2685 79064148685623
412 2856 77829386008983
413 1993 62293885655301
414 3948 135262744475959
415 3707 114039253766442
416 2562 77197087911388
417 3276 98468479147425
418 3110 108814257916503
419 3145 93551054012536
420 3204 100991859974817
421 4485 140260607059896
422 2938 93092637592927
423 3777 114965953863828
424 2504 76175957049209
425 2330 66951411469708
426 3616 124242508954819
427 3918 113768877749643
428 2436 80252448818764
429 3484 103138669970216
430 3713 115723551448648
431 4042 86425378128461
432 3458 108623241128420
433 3422 101924393224347
434 3306 95280591367272
435 3864 124932755260823
436 3725 115780146285238
437 3108 106237807154940
438 3901 116658687073801
439 3654 122330391264995
440 4210 125618849953150
441 2900 74281382937076
442 3556 90530019709895
443 3294 109499327815432
444 2474 72884593976555
445 3128 82326965128878
446 2860 87085515435445
447 3554 83218206915877
448 3141 107287390661973
449 3431 106715849564806
450 1911 57682762261081
451 2413 75028112324736
452 3829 88955798291505
453 3651 109454504724106
454 3183 95598753805816
455 3970 117775522619545
456 3601 112272663066793
457 3209 108125009039647
458 3983 118409145397688
459 3705 108594496312651
460 4643 105772545615962
461 3743 106829618891655
462 2182 61813492981466
463 3446 114833176746690
464 2530 77465339523794
465 2791 94268920435762
466 2194 64097915153281
467 4754 135393403878093
468 2875 77909410596557
469 3033 85595268041326
470 2405 76703044459982
471 4161 109774764341045
472 1721 48859695710906
473 1904 56760392609096
474 4110 128087445969390
475 4081 122479724773151
476 2049 52898645220784
477 2783 87254992963699
478 4253 130160385572995
479 3595 100937011425352
480 3165 96144526289578
481 2604 72709464760871
482 3251 108754223510672
483 3885 107133350674263
484 2560 82787591758931
485 2686 88865088767758
486 2719 83970433320799
487 3067 88336201194727
488 4134 132255432374522
489 2904 95153141849664
490 3815 133203692412080
491 3950 103818664994201
492 2249 71675883204943
493 3217 105015561714492
494 3249 97347064150906
495 3991 138452840769203
496 3184 86130375088340
497 3534 117305727750743
498 3031 75263871632700
499 2319 71334914355243
500 3026 84192839688215
501 2347 73127164572199
502 3071 90698526491217
503 3933 109990779203172
504 3106 106441159305537
505 2641 66516892703665
506 3486 91056281666346
507 3475 88799857717178
508 3398 85691386146136
509 3975 119487874133815
510 2979 89685123361761
511 3139 100573858624431
512 1883 53132206559788
513 2171 65544822746270
514 4146 104182618052096
515 3579 109680392438956
516 2602 77026349323886
517 2688 75704896283084
518 3695 106017545119224
519 3300 93168545504713
520 1825 54422516817224
521 4293 145365256638099
522 2618 77094249642304
523 2380 75093741004770
524 3310 78369378401340
525 4139 125155212702359
526 2874 77525781921381
527 2586 89261915461047
528 2449 74725344705894
529 3047 78156051913338
530 3007 93574746300387
531 2957 88868610834437
532 2784 77158580705554
533 2172 64888970806498
534 3474 110960689602698
535 3741 106978173749676
536 3274 90891971221346
537 3112 84020383903179
538 3247 103999534610928
539 2668 79728966494361
540 3778 118686804828895
541 4172 113046039910230
542 4274 135177270143472
543 1943 55339122089595
544 4417 136029743517164
545 2376 72564670933812
546 2752 78855849615362
547 4024 111847087801227
548 2486 77641068193016
549 3813 109956666489263
550 3485 94464086080652
551 2958 84213029699850
552 3562 110246659245557
553 3589 99302850213819
554 3556 100766091104565
555 3252 107824782737053
556 3166 92944780096180
557 2533 82718385869077
558 4188 120601110946242
559 3777 132055468565689
560 3817 115236699359631
561 2463 64294540456542
562 3865 114798363023123
563 2606 83333656271181
564 3002 87740232444370
565 3177 105528243303076
566 3709 101725576248742
567 2303 74079431359623
568 3355 103470045371559
569 2323 69353703200178
570 2771 80421954715918
571 3140 105837652175483
572 3004 81397867965040
573 2293 72313605219968
574 3019 87026276316735
575 2924 91997698864807
576 2755 83448774749746
577 2246 76765557533592
578 3235 81583983237445
579 3267 99066503215465
580 3350 92157685660720
581 3363 113674783850236
582 3520 123709375780378
583 3927 117261834619408
584 3310 110566451899775
585 2566 65845203282508
586 1819 56632905243001
587 1726 53053729598441
588 3348 104461333258873
589 2799 94724116078549
590 3705 123874312519610
591 2883 82063462949493
592 3566 93960342730478
593 2870 96022533168904
594 2922 88778329052437
595 3128 104753850907701
596 2453 80336871622602
597 2731 80445025765591
598 3599 109482651867729
599 3833 103403895065268
600 3484 105660337769695
601 3739 133247973174928
602 3492 90989742815123
603 3110 91938924351176
604 3409 102935742340196
605 2733 79598398115206
606 3345 91612248711537
607 2320 72589105810810
608 3384 105317080376514
609 2890 87389453517959
610 3550 85791918447750
611 3552 90385966485277
612 3070 92348337317993
613 3768 93655033542414
614 3246 105491123002348
615 3365 103145192984643
616 2508 74968843357491
617 4446 115045840354661
618 2408 67533713085019
619 3726 104712923734333
620 2522 71357941608519
621 3595 101623889462345
622 4262 106393105034119
623 2492 75374943366157
624 3365 94476423669581
625 3074 84613856369899
626 3152 104818083687925
627 3839 104215647799003
628 2454 70499103311508
629 3671 115573351420256
630 2765 88081334577442
631 2608 78389745903610
632 3008 89601088171852
633 3857 131045645307625
634 2845 82045629783533
635 3111 96676750912095
636 3242 84708566500248
637 3708 108027898800445
638 2756 74279124258560
639 4284 120712017277967
640 3380 104952533300071
641 3461 83608081130456
642 3579 105393304425168
643 4178 146845161399530
644 2148 59295449627632
645 2792 83451826600326
646 2720 81686281540912
647 2518 76818614473621
648 3461 112936772386586
649 2948 82782786545122
650 3747 106953886889318
651 3536 114077981705956
652 3636 94190567211461
653 3307 105873863746691
654 3757 118584022510837
655 3189 89385127455612
656 3659 120285691689406
657 2301 72015863493213
658 2951 82758753086802
659 2559 84694942102292
660 2910 80161837433477
661 3994 116769365577178
662 4356 119108470326243
663 2523 69113065660818
664 3178 103427532938556
665 4254 123677897109663
666 3835 108633798886791
667 3233 85492709022372
668 3397 92226146656990
669 3180 92507543756059
670 2172 57590884164605
671 3580 109263498658767
672 2538 80592183847812
673 2445 74156334569541
674 3435 107246978113381
675 2873 77249390290414
676 3003 85313828278675
677 3996 102904921047567
678 4538 78491864060181
679 2731 74081936618697
680 3076 98703740605013
681 2574 70430544663428
682 3095 80988756079420
683 4741 122566602931442
684 2879 91771886598581
685 2690 81504893579393
686 4435 119191594195023
687 2829 84596510259598
688 3030 96583920980294
689 3523 85912556164604
690 2050 63478901321738
691 3324 90793675697357
692 2088 59662438053041
693 4428 117137560740176
694 3053 89884635452136
695 4330 127957047868484
696 2792 89498632385780
697 3230 96927707875098
698 2880 86183225591350
699 4027 108416822411871
700 3584 111641479070219
701 3024 81048416501979
702 2063 61319323231848
703 3085 92865885427852
704 3194 98258153817293
705 3273 116049442325080
706 2479 71629120233711
707 4109 115283192705141
708 3171 105168248109534
709 3345 87194923193253
710 3568 94710138477058
711 3358 98377097367756
712 2973 66117804622439
713 2288 66604743386689
714 3364 79641286718278
715 2896 82159351647802
716 4137 105827013104826
717 2465 69895897071788
718 2694 85105749480945
719 4090 115581724278266
720 2923 90009514259532
721 2451 74297537942625
722 2446 69207967744295
723 2350 72070288563699
724 3347 114207385487739
725 2796 89158169220776
726 2988 102207730664681
727 1850 54335768281362
728 3437 92813927869821
729 3472 94686088765163
730 3474 89691842848936
731 3410 87716987766978
732 4709 117154368955578
733 3921 92907520935291
734 3173 90246551543801
735 3672 104854923265146
736 4385 109040511074368
737 2739 81049402443811
738 4028 98349913688414
739 4277 110783071261257
740 3902 127785675154717
741 2963 102586677206406
742 2431 75280374385888
743 2755 83737260228089
744 3340 92883411607405
745 2924 95081275672566
746 3016 89263827484725
747 4108 111473228946524
748 3031 86798242752425
749 3103 96732875395751
750 2766 89420273399176
751 1977 58077183414506
752 2439 61554932634880
753 2467 69169051364215
754 2095 64043453571351
755 2764 94089115188679
756 3449 117696377308334
757 2668 82871448222535
758 2566 62099069403140
759 3435 110964262180741
760 3585 108836479656781
761 3282 94133608916642
762 2977 86621991914983
763 2162 61870751251940
764 3007 93084576654706
765 2146 65050473570825
766 3295 71582824729545
767 3087 101759283474953
768 3089 71298812854633
769 2397 77476491985621
770 2955 97528171941457
771 3251 89878298274018
772 2627 75808954132944
773 2663 89415526672593
774 3893 109056098977188
775 3945 82374153832181
776 2216 63466956032983
777 2960 89620889066297
778 3078 81162558278451
779 3156 102731820081213
780 3433 78189612589886
781 2432 83362699868350
782 2764 79387080357004
783 3536 105799674417938
784 4377 127542618244856
785 3328 91175355979251
786 3070 102333284306470
787 3789 112791741950920
788 3630 117483269937345
789 3672 106619590540439
790 2793 87006545627442
791 3750 134239190417362
792 2619 82519835610884
793 2584 77245203707360
794 4248 114474554661523
795 3557 82887993613301
796 4531 148942194165663
797 2724 93669848263030
798 3016 100612340612948
799 2366 78013505261525
800 3572 96372403942303
801 2851 88964554283146
802 2176 55020389658647
803 3099 74055825709988
804 3600 94744415164052
805 2891 81390415439566
806 2576 66866861404743
807 2176 68557570898573
808 3089 88887186863804
809 2357 78304358797217
810 2929 81674306081179
811 3049 92588587970038
812 2667 79143365610256
813 3579 92696364953140
814 3275 108093969264748
815 2288 74917279510264
816 4825 137241835703966
817 3371 110615856663022
818 4137 111204404984885
819 2901 86750614733082
820 3143 85910385547718
821 2661 76034598041245
822 2681 84532191749878
823 3113 89521647787087
824 4208 154462047061448
825 3015 98236939155031
826 2566 82236401628226
827 2508 75696100684305
828 2334 63899343585555
829 3344 98818492084706
830 3962 112437487790664
831 2952 68628043781635
832 3286 91976720480075
833 3525 116776321354573
834 2554 80473784529773
835 3762 100089810279544
836 2800 93717225048370
837 3261 91803036079120
838 3755 108342976955219
839 3305 100209119856844
840 3465 97000050344619
841 4422 126029532657075
842 3333 91220852336127
843 2870 88527442046894
844 3138 112921702445958
845 3277 110162928987851
846 2505 75679933284960
847 3823 109150824896452
848 3839 97361456239521
849 2795 92591036999279
850 2539 73477266398524
851 2597 80716909892001
852 3060 79413026111089
853 3567 88554351626250
854 3058 81530630071555
855 2359 76317261958048
856 2580 82101915991566
857 3236 113073917592248
858 4892 125810223811728
859 3205 85486110666335
860 3449 108174942733916
861 2414 67599334881987
862 2615 82992364315553
863 3441 96420262762166
864 4017 123723881173758
865 3296 101215888202381
866 3362 106830545415719
867 3618 109609200299880
868 3281 106665866183773
869 3416 117871270176383
870 2014 54559730869412
871 3437 85897427038796
872 3305 89361416283030
873 2405 72241589100668
874 2302 73366785719422
875 3694 119074620248361
876 3278 86408925385063
877 3563 101349436299675
878 3102 84996405617973
879 2861 86055735078370
880 3923 88662842307474
881 3980 115029678909072
882 3355 96360499160562
883 3877 120071023002590
884 2753 90932722427342
885 3141 94805235793657
886 2974 98057621197359
887 3462 87718229674381
888 3313 108491713116473
889 3196 88485366355278
890 2792 78912376294224
891 4503 125937836952582
892 2633 92456391338384
893 2974 78685658461250
894 2714 95390333879451
895 2395 67238839248611
896 2846 81857424442839
897 3636 101817595462276
898 2973 99737951147441
899 2876 79169177903122
900 2783 71031781527378
901 1919 58598345817388
902 2589 75131576632342
903 2464 70352834335435
904 2831 94045905467290
905 2471 74205500192830
906 4286 150947560448610
907 3229 91005848670387
908 3858 93172564974177
909 3807 102865992893812
910 3810 115955049891728
911 2939 84584483208841
912 3562 101979118963375
913 3756 116650744565305
914 3107 96483730121051
915 4505 138297880404029
916 3853 90154137222962
917 2861 85032477565555
918 3316 107655761293552
919 2850 80315546474786
920 1934 60738448124814
921 2391 76962134610644
922 2832 84059657154145
923 3934 109318488742259
924 2655 78148002503063
925 4589 130140818918930
926 2029 59189064067863
927 3825 122885998700621
928 4128 109528409235579
929 2479 75527617798699
930 2482 74652359662218
931 4098 129286423026333
932 2368 68001477131180
933 3315 122490169364814
934 2783 89029436196310
935 2938 85657040400630
936 2741 88009111432294
937 4647 163677321680554
938 4509 146956190639364
939 3448 108808476886534
940 3773 109023773268101
941 2800 74854238098311
942 2893 102243767135701
943 2418 75478047868479
944 3151 86237251406890
945 2148 65564490681365
946 2575 77769393306692
947 3695 108389897247992
948 2845 92636332429507
949 2813 79872608200915
950 3454 83877456391023
951 3617 113692632017344
952 2774 69116237399393
953 3012 112188074994769
954 4245 117659388479150
955 3384 119279703539757
956 3411 99059092606787
957 2921 85498432641320
958 2506 80086957476487
959 2887 77385002639215
960 3179 81211573959413
961 3353 108703909911753
962 3932 141349356291808
963 2377 71065946291896
964 3538 104899952295163
965 4159 137999869665070
966 3699 103120509430980
967 3765 107563013463683
968 4526 119387993924642
969 3552 95437936648387
970 2335 63514283873835
971 2361 70651756451256
972 4269 118636435491864
973 2147 70367136684875
974 3028 86914509012428
975 2933 91441856106489
976 3412 80715934254953
977 2349 74367466476407
978 2786 75429797269815
979 2677 77663970367748
980 3599 95346636387737
981 4470 130480911114818
982 3031 76689568360422
983 1901 53619919804448
984 3545 82164339015657
985 2575 83838856580856
986 2957 77132577398310
987 2424 71227553564213
988 2961 86075583155220
989 3135 84252836429054
990 4084 111353113667200
991 2783 97303323699557
992 3348 97123402404532
993 3271 85742609225847
994 2889 79883095333909
995 3818 127449964046887
996 2882 87562775585127
997 3410 109774694814889
998 2204 61582012086328
999 4333 132605906948120
