0 2716 60.56588667800002
1 2301 60.56538270200006
2 2367 60.565119482000085
3 2751 60.545973013000086
4 2138 60.50493751699977
5 2193 60.564867197
6 3256 60.56278740100009
7 3413 60.562104065999996
8 2975 60.54158229800009
9 3187 60.56372642900015
10 2971 60.50198111200025
11 3054 60.56132503900013
12 2487 60.5632522930001
13 2281 60.54328630699993
14 2749 60.378956884000004
15 2584 60.561280902999904
16 2721 60.560842777000104
17 2483 60.561983190000134
18 2666 60.47957682200007
19 2831 60.56095098100014
20 3230 60.54088257500005
21 3310 60.56123699900008
22 2287 60.47959910000002
23 2941 60.540665398000186
24 3086 60.54016447400002
25 3087 60.52002172900022
26 2732 60.55888388000015
27 2759 60.55980951700002
28 2296 60.53930839100019
29 2329 60.53901729500009
30 2960 60.476745490000084
31 2235 60.55933042100008
32 2885 60.55863059000011
33 2876 60.53776977800008
34 2124 60.557987013000016
35 2233 60.539486816000064
36 2075 60.53839869799997
37 2701 60.557877997000006
38 3278 60.557202609000115
39 3293 60.557472884000006
40 2938 60.55656419800005
41 2843 60.55565760500012
42 2856 60.5680254970001
43 2951 60.53078769800006
44 2064 60.54736462300005
45 2945 60.50785682600022
46 1994 60.50986377799995
47 2709 60.54665209300007
48 2771 60.42323960600012
49 2810 60.54704058500006
50 2524 60.50614561000008
51 3004 60.46561741800009
52 3150 60.52478726599996
53 3257 60.54422880699988
54 2956 60.48537760799997
55 3302 60.54482167800015
56 2729 60.5250178350001
57 2419 60.544027989
58 2148 60.54526771499994
59 3222 60.52624938300002
60 3148 60.548379401000126
61 3257 60.52888852000003
62 2779 60.54822802100009
63 3106 60.508329921000175
64 3015 60.54673350799997
65 2956 60.545124884000074
66 2578 60.54646150700011
67 2080 60.48696981200001
68 2553 60.505152985000045
69 2187 60.54627849999993
70 2385 60.54628039200005
71 2522 60.525217716000036
72 3014 60.54014751400006
73 3175 60.54418278700005
74 2618 60.52437189700004
75 2817 60.52192571700013
76 3053 60.46022240700012
77 2585 60.543744888000155
78 2976 60.47885828100007
79 3122 60.481113391000235
80 2468 60.54113665599995
81 2387 60.504395598000094
82 3035 60.52385920100001
83 2956 60.49255990599996
84 2380 60.47312208899999
85 2541 60.52211687800006
86 2047 60.536464396999925
87 2796 60.52077588900001
88 2368 60.48007128700007
89 2836 60.52123399200014
90 2654 60.54027811600006
91 2674 60.53942770600006
92 2158 60.508245029999955
93 2949 60.53875867999992
94 2986 60.537781104999986
95 2429 60.53771228600001
96 2431 60.501742193
97 2931 60.52818691500012
98 3029 60.53643190999997
99 3225 60.487209281000005
100 3097 60.51742987799993
101 2921 60.53572059799995
102 2794 60.526633024000084
103 2917 60.53514176999998
104 2801 60.53507967000002
105 3274 60.53555950500017
106 2725 60.516247809000284
107 2206 60.53300200199988
108 2411 60.51494549699998
109 2706 60.535600470000084
110 2805 60.49520392200005
111 2575 60.534196799000114
112 2962 60.53360763900022
113 2945 60.515360276000024
114 2903 60.534945501000024
115 2550 60.53799415599999
116 2827 60.45319781400006
117 2264 60.534588712999934
118 3015 60.53408169500003
119 2496 60.45409872900015
120 2510 60.45077660100011
121 3114 60.49234051999999
122 2545 60.472033162000166
123 3136 60.53135671400006
124 3097 60.510702394000006
125 3217 60.51305891600021
126 3058 60.531900719
127 3353 60.53016895100002
128 3070 60.52999480900008
129 3011 60.53121621499998
130 2593 60.429450215999914
131 3268 60.509755908999956
132 2677 60.53050960199995
133 2271 60.53187600399999
134 2884 60.520125601000004
135 2284 60.49794549699999
136 2818 60.49774878800002
137 2575 60.51782080800003
138 2213 60.51768198800019
139 2654 60.46572451900004
140 2234 60.496817054000005
141 2969 60.52485769399991
142 2916 60.497340511
143 3392 60.51737209800018
144 3176 60.42160312000002
145 3524 60.47685640700015
146 1971 60.497922513999946
147 2020 60.45676823400005
148 3058 60.52350653400012
149 3204 60.49668309199996
150 2025 60.504208718999955
151 2542 60.43396186900014
152 2627 60.51558379300005
153 2590 60.5152927340001
154 3003 60.50292868400002
155 3030 60.4954675250001
156 2737 60.493393285000046
157 2134 60.51441800600007
158 2978 60.513854490000156
159 2854 60.51401626400015
160 3139 60.45186852000012
161 3008 60.502172594999955
162 2103 60.473614165000065
163 2892 60.51407776800002
164 2563 60.513610899000135
165 3090 60.51343548600006
166 3095 60.52117979899983
167 2459 60.451845210000116
168 2290 60.513273495000035
169 2973 60.49460251800009
170 3019 60.47034342500009
171 2983 60.51201540800011
172 2809 60.49227949100008
173 2263 60.472008822000035
174 2744 60.47191052700007
175 2195 60.52085958299996
176 3035 60.51150949899987
177 3215 60.51139338900023
178 2246 60.45174841500006
179 2570 60.48918811099999
180 2677 60.491388016000116
181 2970 60.450731201000096
182 2568 60.42956335999994
183 2195 60.51110191699996
184 3018 60.44935159600005
185 3380 60.40766862400003
186 3016 60.49011041200004
187 2947 60.490831312000026
188 2051 60.46784760799997
189 2873 60.51062968199995
190 2862 60.510041087000026
191 2855 60.46615822700004
192 2874 60.503085729999974
193 2434 60.5027325940001
194 3201 60.525329488999894
195 3281 60.52585379800009
196 3181 60.50329880200003
197 2952 60.504649810000195
198 2450 60.46119540700004
199 3118 60.52096051299997
200 2876 60.500828422999945
201 3193 60.478865475999896
202 2084 60.51887797900004
203 2306 60.518395873000166
204 2817 60.49357172400007
205 3147 60.517837092
206 2867 60.532472476000116
207 3263 60.433746469000084
208 3043 60.49288655399999
209 2966 60.513301710000135
210 2445 60.40710379900013
211 3155 60.45328958800006
212 2774 60.46774952500013
213 3333 60.51329699199985
214 2745 60.47258982400008
215 2623 60.45233792600004
216 2007 60.51194730099993
217 2518 60.486780108999966
218 2096 60.49239318800004
219 2684 60.47234890800008
220 2632 60.43780517200006
221 3396 60.511736574000096
222 2571 60.51129571499999
223 2249 60.51108122700005
224 3233 60.510854561000016
225 3215 60.51211694500004
226 2575 60.511655299
227 2889 60.511555127000065
228 2964 60.3884156839999
229 2489 60.46136459500018
230 2832 60.49134881100011
231 2251 60.51056251999999
232 2039 60.511147884999914
233 2428 60.393412610000055
234 1956 60.53103639000002
235 3008 60.51118879699994
236 3119 60.50960416300004
237 3180 60.490069103000096
238 2819 60.509376585000105
239 2372 60.48948550599989
240 1948 60.5097765330001
241 2038 60.530140086000024
242 2054 60.509280312999934
243 2491 60.47412358900008
244 2694 60.50920758799999
245 2988 60.509415295000004
246 3122 60.52939008700002
247 3247 60.508487794000175
248 2939 60.488471703000094
249 3370 60.50892818599992
250 2904 60.468770828000146
251 2396 60.50809038900008
252 2704 60.44875546600002
253 2215 60.48895749799996
254 2479 60.508065203000136
255 3134 60.509008104000024
256 2547 60.4378271880002
257 2085 60.498892611999885
258 3215 60.499341298000104
259 3275 60.498319348000024
260 3057 60.49789780699994
261 2736 60.498250899
262 1927 60.478659383999954
263 2381 60.49783160799996
264 3261 60.477676210000126
265 3398 60.497524789000025
266 2933 60.49705752000007
267 3271 60.497191811000135
268 2582 60.47746322199997
269 2248 60.51881020099996
270 1987 60.49805881999993
271 2189 60.497226341000115
272 2298 60.3556719140001
273 2654 60.495326891000104
274 3078 60.494565311000066
275 2648 60.436448728000066
276 2920 60.454638401000004
277 3077 60.51557561900005
278 2402 60.494600114999976
279 2419 60.415695621
280 2180 60.494368211000044
281 2883 60.47455170400003
282 2153 60.49407660400013
283 2742 60.47508010600005
284 2364 60.455563089000044
285 3108 60.515934645000115
286 2837 60.47368813200006
287 2803 60.43196216000013
288 2877 60.49266281900005
289 3248 60.495627802000115
290 2956 60.493583382000025
291 2261 60.492929686999986
292 2085 60.493567927999955
293 2170 60.49318037800012
294 2864 60.43186079099999
295 3271 60.473353595000134
296 2959 60.49276889700013
297 2560 60.45500291300002
298 2415 60.393941395999946
299 2426 60.45448140600008
300 3085 60.515105704999975
301 2592 60.37255052300011
302 2782 60.51458269900005
303 2249 60.4926773910001
304 2579 60.45426239700007
305 3259 60.49244649299994
306 2938 60.47280270500009
307 3274 60.49245528300006
308 3041 60.47269411299995
309 2437 60.43396602300005
310 2858 60.47239477399996
311 2885 60.513754912000124
312 2913 60.47120900600004
313 2597 60.45233721400006
314 2082 60.36752529099988
315 2812 60.45277179100007
316 2557 60.450741103000034
317 3000 60.45052179900002
318 2212 60.49302519900001
319 2958 60.45039280699994
320 2557 60.45236838699997
321 3481 60.490203876000116
322 2075 60.387954724
323 2774 60.47094088900005
324 2554 60.490493190000045
325 2755 60.45008467600006
326 3167 60.48921139000005
327 3339 60.449050118000066
328 2988 60.488936597000006
329 2862 60.489420103999976
330 3104 60.489215722000104
331 3273 60.48893490599996
332 2821 60.44885068400008
333 2896 60.511565716000085
334 3139 60.488550505999946
335 2652 60.46940190300001
336 2771 60.489387023000006
337 2152 60.44860060600002
338 3093 60.46890801400005
339 3148 60.48911762600013
340 2312 60.431515283000074
341 2618 60.5110857089999
342 2143 60.44885898300001
343 2567 60.471384440000044
344 2990 60.47213231699999
345 2577 60.43409890300005
346 2956 60.47127351699993
347 3300 60.491719371999835
348 1976 60.38976953400004
349 2196 60.51409538399982
350 3227 60.450730887999995
351 3379 60.471809413000095
352 2707 60.49151571
353 2732 60.45071768300005
354 2589 60.490794389999984
355 3024 60.49175230300023
356 3124 60.47163078099992
357 3371 60.47181931000018
358 2389 60.39171550599995
359 2562 60.451915534999976
360 3123 60.49000309600006
361 3452 60.491000184
362 2242 60.413008796000156
363 2117 60.430050118000075
364 2410 60.431701782000175
365 2907 60.45086089000008
366 2536 60.471938373999905
367 3191 60.49107728800008
368 3138 60.48992806700001
369 3342 60.49150423600015
370 2646 60.491363477000164
371 2144 60.49049030899992
372 2092 60.48976621900002
373 3129 60.49151593499989
374 2403 60.471809901000036
375 2631 60.45028550400003
376 2461 60.46855411000014
377 3252 60.4902569380001
378 2029 60.49058488599986
379 2716 60.48859940899998
380 2447 60.472720502000065
381 2808 60.49417440200012
382 2583 60.49328611600006
383 2429 60.49128352300012
384 2948 60.452021538000025
385 2436 60.39460195700007
386 1976 60.49360719300002
387 2012 60.41176636800005
388 2364 60.45216409200003
389 2314 60.493040783000204
390 2412 60.49300699100011
391 2166 60.49149530000009
392 3063 60.471936902000046
393 3138 60.49175767399997
394 2812 60.493007856000084
395 2710 60.49145588899989
396 3107 60.49120510200003
397 3074 60.49263710400012
398 2647 60.43209509200017
399 3132 60.49107731700014
400 3259 60.48973155900007
401 3200 60.489973021000296
402 2796 60.45060110500003
403 2086 60.410031989000075
404 3066 60.49005504400001
405 3220 60.49023209300009
406 2475 60.44877981099992
407 2772 60.49051159699998
408 3017 60.450747240999945
409 3320 60.471049297000036
410 2224 60.44937798099997
411 2380 60.471520703999964
412 2932 60.49377818400013
413 2764 60.490646219000126
414 2519 60.490353889999916
415 2999 60.45168779499991
416 2523 60.49104469400001
417 2803 60.49061059300005
418 2081 60.471466795999895
419 2552 60.43071571000006
420 3142 60.48983647100002
421 3172 60.489556144000105
422 2169 60.44902707699995
423 1965 60.49089150399991
424 2545 60.448473594000006
425 2704 60.44862132100011
426 3245 60.46953964299998
427 2834 60.45065727600002
428 2740 60.490661192000076
429 3164 60.409029381000025
430 2570 60.42568078200014
431 2613 60.47115371000009
432 3097 60.45016176400006
433 3032 60.488521681000165
434 2580 60.46950930700004
435 2962 60.47115491900011
436 2562 60.43104960800011
437 2222 60.51008838399999
438 2517 60.469911704000054
439 3106 60.47099581200007
440 2503 60.44648331100003
441 3249 60.46934860199992
442 1976 60.47006050999998
443 2049 60.41056297299997
444 3081 60.490243793
445 2751 60.44496130200029
446 2700 60.44907881900015
447 2743 60.489704117000095
448 2993 60.48969470900023
449 3314 60.469584873000116
450 2016 60.489307823000054
451 2963 60.48948181399998
452 3188 60.40586812200021
453 3179 60.488515001
454 3168 60.48815131200003
455 3516 60.48787539199998
456 2871 60.46844462300003
457 2315 60.46910751500015
458 2479 60.448404490999955
459 2318 60.480254598000094
460 2831 60.460422172000136
461 3369 60.48214916300008
462 2111 60.46114788100006
463 2900 60.46109049500006
464 3191 60.43901508900007
465 3342 60.439563720000116
466 2412 60.43604018000003
467 3284 60.45938482700012
468 2218 60.438777112000125
469 2831 60.39716427900002
470 2338 60.435192407000024
471 2837 60.47678817699995
472 2841 60.45715717799998
473 2922 60.43379118800007
474 2327 60.414286881
475 2471 60.45975859899994
476 2049 60.47592328999985
477 2437 60.455220827999966
478 3206 60.37250451700011
479 3347 60.438677304000194
480 2931 60.454629796000035
481 2783 60.454955998000116
482 2067 60.47761800100001
483 3078 60.45763562900001
484 2554 60.46074912000011
485 3013 60.476843188000096
486 2499 60.43029350400005
487 2519 60.455697502999975
488 2952 60.43491955800003
489 3401 60.47617501800007
490 2822 60.45571751700014
491 3303 60.43461868999987
492 2068 60.475250501999966
493 2889 60.45569850899987
494 2856 60.413674318000055
495 3060 60.47585007299998
496 3088 60.47538301099996
497 2749 60.42900582000014
498 2449 60.45468231400004
499 2669 60.47502507699982
500 3141 60.454548503000055
501 3220 60.393266794000084
502 3417 60.500435985000166
503 3307 60.47389367100014
504 3003 60.45367258899993
505 2660 60.47392898300015
506 2757 60.47322490900005
507 2429 60.432481990999996
508 2695 60.43087807700001
509 2354 60.425028673999954
510 1964 60.47021797200008
511 3112 60.45071081800015
512 2741 60.470237920000244
513 2911 60.49982278300015
514 2656 60.46873250400007
515 2201 60.499684891000044
516 2964 60.450208819999965
517 2532 60.422407199000105
518 2977 60.479474203999864
519 3123 60.407895577
520 2791 60.46821359600006
521 3097 60.447497796000214
522 2036 60.49928827399998
523 2713 60.44586267900012
524 2143 60.4449702730001
525 2400 60.39996050700005
526 3134 60.49868460900008
527 2935 60.46311990799994
528 2818 60.44309237700002
529 3115 60.47843538000004
530 2589 60.38104825500011
531 3135 60.44418111100017
532 2430 60.36026038100005
533 2690 60.37962736900004
534 2408 60.46085242900006
535 2539 60.420342516000076
536 2395 60.46120859199998
537 2558 60.46082967199996
538 2574 60.44103372399996
539 2560 60.42042087799991
540 2343 60.441519114
541 2462 60.46023630399989
542 2709 60.37900970799996
543 2575 60.46066500400012
544 2443 60.441206191000106
545 2673 60.35764971799999
546 2593 60.44074743099999
547 2617 60.41978180700008
548 2418 60.40112382500004
549 2502 60.41979588700007
550 2454 60.45365270300004
551 2700 60.45345370900001
552 2524 60.392025775000086
553 2571 60.47198332000009
554 2367 60.4725520079999
555 2452 60.45300302600011
556 2737 60.472022710000104
557 2448 60.45271620999997
558 2334 60.4724298750001
559 2486 60.472057606000035
560 2449 60.47191482800003
561 3239 60.509948169000026
562 2476 60.43194169500021
563 2578 60.471872598000125
564 2292 60.4719571110001
565 2307 60.50964490999989
566 2932 60.49004281200004
567 2418 60.390861406000035
568 2469 60.45237210900005
569 2565 60.432287221999985
570 2425 60.45257921899986
571 2568 60.45235257900002
572 2513 60.45245141400007
573 2574 60.45239853999995
574 2747 60.489667302000186
575 2511 60.41180611799992
576 2726 60.43973590799985
577 2643 60.459479637999856
578 2386 60.45967158100009
579 2452 60.44025664200002
580 2335 60.459616402
581 2468 60.45910789599997
582 2363 60.43965978699991
583 2482 60.43977672200004
584 2503 60.459090926999984
585 2615 60.43899680099996
586 2974 60.49609460300004
587 2949 60.45612388599991
588 2472 60.438603911000016
589 2548 60.43852960700008
590 2859 60.45754170299995
591 2992 60.4957965820001
592 2780 60.49598848299999
593 2541 60.45750352200001
594 2948 60.49586698099994
595 3139 60.45699178600022
596 3219 60.49521117600012
597 3294 60.45709282800011
598 2715 60.439346980000074
599 3132 60.4963808010002
600 2365 60.39845131399977
601 2591 60.458165477000094
602 2204 60.458894900000004
603 2080 60.45762641899993
604 2290 60.49683021900004
605 2310 60.45875537799994
606 2436 60.41715018300001
607 3018 60.47624149500017
608 2237 60.43801650299998
609 2566 60.457595311
610 2386 60.417656113999975
611 2489 60.43814435300004
612 2257 60.376686300999964
613 2433 60.47593651099995
614 2304 60.45707927700001
615 2598 60.41724387099999
616 2405 60.396742186000075
617 2634 60.45660248300003
618 2383 60.437713163
619 2418 60.456799576999984
620 2505 60.45642930700008
621 2695 60.456188966
622 2382 60.41627348500006
623 2533 60.39583547199988
624 2495 60.43659911199996
625 2616 60.3745458110001
626 2295 60.45647558599993
627 2563 60.43654800399995
628 2576 60.455470240000096
629 2528 60.43655990500006
630 3148 60.46022149300003
631 3102 60.46020293100013
632 2537 60.498460414000085
633 2703 60.42049327500005
634 2576 60.441536214999985
635 2418 60.46050751600011
636 3004 60.41810801499997
637 2594 60.45962056100001
638 2576 60.419407127000014
639 2572 60.45949830800002
640 2383 60.45992010700006
641 2628 60.43964062799989
642 2380 60.44028233800008
643 2405 60.43987831400007
644 2126 60.45915886499996
645 2902 60.45656749300011
646 2485 60.45841900899998
647 2971 60.496815410000046
648 2664 60.41779877599998
649 2644 60.45793729900018
650 2437 60.41804779100003
651 2249 60.35542539000004
652 2128 60.41801330499996
653 2524 60.45784858899992
654 2451 60.43823229199996
655 2762 60.45774631800014
656 2161 60.41794462199998
657 2151 60.49584759900002
658 2504 60.45756532600006
659 3006 60.49571667500014
660 2769 60.37794939000004
661 2707 60.457815410000066
662 2163 60.43950590199998
663 2097 60.496517204999975
664 2737 60.45754211000003
665 2491 60.438755090999976
666 2430 60.45783501299999
667 2372 60.457892825999984
668 2533 60.43746219199994
669 2605 60.43727937799998
670 2462 60.43694872000001
671 2851 60.456242407999994
672 2472 60.436864597000046
673 3169 60.49490531099998
674 2466 60.41569546400002
675 2610 60.41529070800008
676 2188 60.45328777400004
677 2350 60.45483231200014
678 2635 60.45387241100003
679 2538 60.45328879499995
680 2386 60.433568191000006
681 2449 60.45295871300005
682 2954 60.45295521299999
683 2527 60.452482991000075
684 2344 60.39296332600008
685 2597 60.433094590000074
686 2224 60.43336571200006
687 2469 60.45163578300016
688 2532 60.4317364860001
689 2670 60.45216149500007
690 2292 60.452047715
691 2327 60.451067470999874
692 2506 60.45063417600001
693 2574 60.43175321800009
694 2140 60.37556049499989
695 2386 60.45471773300005
696 2315 60.454927576000024
697 2614 60.454406104000036
698 2416 60.41448288399997
699 2515 60.454940093999966
700 2075 60.47621916500003
701 2403 60.45476949700006
702 2412 60.454344673999955
703 2563 60.45410588899996
704 2463 60.35200119600002
705 2643 60.43450158900003
706 2274 60.33054448699998
707 3062 60.49445695900014
708 2473 60.433419006000065
709 2994 60.43357428999993
710 3027 60.494353970000105
711 2425 60.412738353999984
712 2466 60.452761027000065
713 2574 60.452496704000026
714 2039 60.493718785000034
715 2358 60.43317299299998
716 2515 60.451877711000144
717 2543 60.44986677699995
718 2405 60.43092920999999
719 2448 60.41005900300008
720 2458 60.44927879400013
721 2556 60.44976288599995
722 2318 60.49338926800006
723 2523 60.40932111600001
724 2649 60.42953700500007
725 2534 60.42930459799998
726 2496 60.44844891100011
727 2555 60.42926012199999
728 2308 60.36878740399999
729 2399 60.44882068199999
730 2361 60.44786397100004
731 3135 60.49197629500008
732 2419 60.42833627599996
733 2926 60.447450529000065
734 2383 60.4475456870001
735 2620 60.40745730600001
736 2074 60.49202579999994
737 2456 60.447927699
738 2302 60.42786799499996
739 2802 60.44735595900008
740 2343 60.44563007099995
741 2561 60.445380869000026
742 2419 60.385886388000124
743 2627 60.42680920800009
744 2413 60.40619994700001
745 2604 60.446065687999905
746 2364 60.42661722500005
747 2514 60.44604997200001
748 2629 60.40565057499986
749 2809 60.38614991400012
750 2449 60.445538319
751 2598 60.40524728100009
752 2520 60.44533790400006
753 2646 60.44501031699997
754 2435 60.38443210700012
755 2535 60.445194095000005
756 2328 60.40554691400002
757 2282 60.42434070099995
758 2270 60.44428359499998
759 2171 60.448719585999875
760 2469 60.36465580399997
761 2582 60.42385387500001
762 2056 60.442549313999955
763 2403 60.44523871100001
764 2039 60.48839563100003
765 2440 60.442873976000044
766 2353 60.42342059499999
767 2646 60.404078185000074
768 2414 60.42510989500003
769 2829 60.44229500900001
770 2396 60.40153084099997
771 2564 60.30093449100001
772 2470 60.444079764999984
773 2712 60.441253003000185
774 2267 60.442802770999926
775 2278 60.487892686999906
776 3028 60.40521750700008
777 3174 60.441951405000005
778 2427 60.43896141499991
779 2558 60.42584431699994
780 2345 60.444964773
781 2561 60.422571926999936
782 2477 60.361796222000024
783 3237 60.484526495999965
784 2593 60.422598484000105
785 2722 60.41947948600009
786 2226 60.437276013999956
787 2637 60.484314001000115
788 2463 60.36135715400006
789 2473 60.43855353600005
790 2408 60.43817840900016
791 2601 60.42163828300001
792 2465 60.43794312200012
793 2521 60.436307199000055
794 2308 60.41728821300009
795 2517 60.43831900100004
796 2229 60.41912409599985
797 2334 60.436493414999966
798 2370 60.39608118699994
799 2647 60.41906469700009
800 2424 60.43865511500004
801 2600 60.35486549899999
802 2404 60.43579757299992
803 2530 60.438586495
804 2446 60.43850078300007
805 2446 60.43551159100003
806 2536 60.422819615999956
807 2512 60.44235610099995
808 3004 60.488458975000036
809 2735 60.44165450900004
810 2353 60.44185271900006
811 2614 60.441962893999886
812 2528 60.4217197170002
813 2595 60.441977992000105
814 2560 60.40154048300008
815 2626 60.40107230600002
816 2486 60.441649305000006
817 2634 60.421475122000054
818 2629 60.40044757900012
819 2379 60.44161570399993
820 2325 60.441431481000066
821 2518 60.422209176999914
822 2432 60.44145739099996
823 2429 60.44205479700018
824 2424 60.44244371800006
825 2486 60.421769205
826 2358 60.442107969999995
827 2950 60.488602118000024
828 2706 60.44232998600003
829 3219 60.42191239000001
830 2508 60.44089169400008
831 2651 60.42114088400015
832 2695 60.44035790000001
833 3041 60.487012828000125
834 2464 60.44113479000008
835 2607 60.44078180700002
836 2818 60.44064229800003
837 2575 60.421139402000094
838 2299 60.42121359600004
839 2504 60.42084551700001
840 2521 60.44000130499994
841 2583 60.44027952400002
842 2532 60.43958627199988
843 2524 60.43927042900002
844 2479 60.39921831800006
845 2605 60.43866128100008
846 2455 60.41991290499993
847 2581 60.4191946160001
848 2366 60.438596231999945
849 2587 60.419269359
850 2402 60.39955680099999
851 2541 60.398801404000096
852 2361 60.43886760600009
853 2492 60.41933109800001
854 2413 60.398212318999896
855 2581 60.43845841000011
856 2579 60.42499109900001
857 2474 60.418570673000055
858 2478 60.438112493000006
859 2399 60.438486582000074
860 2499 60.397554914000125
861 2602 60.437500611000054
862 2126 60.39781460499995
863 2332 60.39802680399995
864 2591 60.377673396
865 2635 60.43907314100003
866 2398 60.43926379799995
867 2494 60.43911791600009
868 2327 60.43905009000001
869 2535 60.399205820000155
870 2453 60.43831950200005
871 2859 60.419237477000046
872 2664 60.418886184000065
873 2515 60.37813005900005
874 2505 60.42760916699995
875 2481 60.40896809999993
876 2632 60.42746199200015
877 2444 60.36767457700011
878 2426 60.408065605000026
879 2684 60.408527601
880 2388 60.42753329200007
881 2549 60.42648868099996
882 2229 60.34595995900008
883 2434 60.42749360599998
884 2449 60.408347401999954
885 2594 60.42700211399993
886 2472 60.385748669999955
887 2453 60.407307101999926
888 2712 60.34389599600018
889 2501 60.406078277000084
890 2766 60.42465278700021
891 3186 60.41236190599994
892 2356 60.42645512199989
893 2618 60.38453968500007
894 2378 60.38260408699994
895 2829 60.42586531300005
896 2468 60.42625337900007
897 2667 60.42145318699996
898 2558 60.42118818100002
899 3061 60.42563790600015
900 2419 60.385780988000135
901 2519 60.380806573999976
902 2595 60.4010706900001
903 3384 60.472146746999975
904 2366 60.42577760600003
905 2618 60.40136650800005
906 2427 60.33958986500001
907 2520 60.42576070700012
908 2515 60.425904493999965
909 2561 60.400785379000034
910 2387 60.42029748300003
911 3028 60.40632172900008
912 2468 60.42554789900015
913 2898 60.40356761900004
914 2229 60.402298683999945
915 2459 60.423818914000016
916 2460 60.42328161100007
917 2580 60.402156600000005
918 2501 60.36153358300007
919 2588 60.42324308900011
920 2255 60.36311387500002
921 2656 60.379330221000046
922 2366 60.39764278999999
923 2423 60.42359216800002
924 2383 60.40323619699998
925 2562 60.39625868900005
926 2431 60.396837098999995
927 2537 60.40322454899994
928 2620 60.40296159400006
929 2537 60.39731287800001
930 2500 60.39704129500009
931 2482 60.404196994
932 2332 60.38314443099995
933 2479 60.396544220999935
934 2427 60.395838593000065
935 2608 60.42322769499984
936 3014 60.44969120300004
937 2540 60.39666048399997
938 2300 60.395699496000006
939 2562 60.425260404000035
940 2389 60.42553091900011
941 2584 60.39537989400007
942 2490 60.33499938099987
943 2478 60.425550186000066
944 2579 60.36527540700001
945 2624 60.37492340300002
946 3269 60.37444979900003
947 2481 60.36528266400013
948 2426 60.42483297600002
949 2551 60.37437219099998
950 2533 60.39324505600017
951 2552 60.42476451600004
952 2500 60.344575000999974
953 2577 60.37493498099993
954 2501 60.37495870800009
955 2512 60.425123317
956 2353 60.385081299000106
957 2437 60.393778198000064
958 2601 60.393655201000136
959 2508 60.405580100000044
960 2458 60.42463297899995
961 2575 60.374215423
962 2435 60.44348127699999
963 2442 60.384250380000125
964 2418 60.42436218400005
965 2868 60.393259614000236
966 2547 60.35354838300009
967 2544 60.42443029300001
968 2468 60.343663107000005
969 2568 60.38543499900009
970 2305 60.36587312700008
971 2517 60.396491791000074
972 2334 60.41678482400005
973 2496 60.38576380700016
974 2535 60.38543140499996
975 2554 60.41614129900001
976 2519 60.41624053400008
977 2615 60.34531156799997
978 2372 60.365884093999945
979 2736 60.375759806000055
980 2453 60.41539600500003
981 2525 60.34527928999999
982 2476 60.385347407000005
983 2526 60.41550041300012
984 2496 60.395272811000005
985 2583 60.32415148900003
986 2115 60.36565514199998
987 2423 60.395620403000045
988 2440 60.415295808000074
989 2685 60.36483678200012
990 2324 60.38452288100011
991 2565 60.395651786999984
992 2539 60.395148010999996
993 2632 60.344196006000054
994 2762 60.36436940500005
995 2347 60.355569191
996 2425 60.37545358899999
997 2519 60.364230286000065
998 2356 60.384523229000024
999 2541 60.375838490000135
