0 27446 59.79632255700177
1 31594 59.79364461800193
2 27325 59.797571636001756
3 23251 59.79889808600087
4 29343 59.7941243270018
5 30292 59.79861080600171
6 27649 59.793868470001364
7 26628 59.79230050500181
8 29501 59.79212445800191
9 30480 59.79322310300176
10 27074 59.7936879510021
11 26650 59.7934860680024
12 26227 59.797588762002086
13 30112 59.79166027000177
14 24068 59.79195156700129
15 30138 59.789203898001624
16 29279 59.78242902400219
17 28232 59.79289802800198
18 29118 59.790531692002126
19 30395 59.789987934001964
20 29044 59.78834799900167
21 30628 59.79250416300229
22 27562 59.78812941100221
23 26012 59.78625936800175
24 29858 59.787333811001815
25 31331 59.78300875000192
26 29061 59.784471501001676
27 31560 59.78233095400184
28 29819 59.78664396300216
29 32101 59.78870630800209
30 28782 59.78930139100202
31 30155 59.78956115600184
32 26580 59.78533247000268
33 30918 59.79203788400226
34 29568 59.78242616600166
35 30357 59.78807791300207
36 29799 59.78566979000205
37 31188 59.78870590400218
38 29196 59.78524028600205
39 29657 59.78723182200165
40 25831 59.77722951200155
41 31233 59.77984498500215
42 26294 59.78696396500166
43 22832 59.78255236200071
44 21994 59.787309380000885
45 29753 59.78174223400158
46 29713 59.78142008800248
47 31096 59.78583163100229
48 26276 59.786586392002135
49 24571 59.76362362400093
50 27506 59.77355906400149
51 29473 59.787176485002206
52 27897 59.77069400300247
53 31168 59.774260450002195
54 30246 59.76971593000201
55 31562 59.772615368001766
56 30530 59.78297810400213
57 31711 59.767340248002306
58 22124 59.77701392600072
59 23847 59.79083720000101
60 30070 59.770082568001875
61 31874 59.77290888600206
62 29433 59.772322957001485
63 30647 59.77203495200175
64 22914 59.77035050000072
65 30563 59.776660457002
66 30857 59.7682889400013
67 31898 59.77147910200157
68 28160 59.767489558001785
69 29664 59.77292978700184
70 29100 59.76846330200165
71 30651 59.773013795002115
72 30458 59.76846001200186
73 31398 59.770006764002154
74 29867 59.76887175800245
75 30803 59.76790831600187
76 29617 59.768385230001975
77 31663 59.770723377001794
78 26887 59.76220246400184
79 31169 59.76821947400238
80 28786 59.76614578300235
81 30087 59.77033285600219
82 29616 59.76723243100216
83 31146 59.76466083700178
84 29302 59.76693877700225
85 30750 59.76353775200234
86 29738 59.76683053700166
87 31693 59.76197561300243
88 28984 59.767919985001946
89 27832 59.77156198600233
90 27984 59.7659872040018
91 28779 59.765382995002014
92 29614 59.769391078001675
93 29923 59.77154649000215
94 24453 59.76799544600115
95 29076 59.76888588900208
96 28835 59.766086800002384
97 30782 59.7669804700023
98 29855 59.75328766000185
99 32125 59.765345175001926
