0 2 111025000
1 2 106681601
2 2 102949898
3 2 100367500
4 3 161897600
5 3 152841899
6 4 215408400
7 3 130799699
8 5 214391000
9 3 149107903
10 4 186337703
11 4 199823102
12 4 184222898
13 3 162816800
14 3 159121902
15 3 152663000
16 3 138139002
17 2 115396800
18 3 135346600
19 2 102515102
20 3 129955400
21 3 158637500
22 3 109645499
23 2 90513400
24 2 85735299
25 2 74825600
26 1 52546500
27 1 50436800
28 1 48281499
29 1 46157100
30 1 41266300
31 3 84137002
32 3 78258400
33 3 148423599
34 3 133824898
35 3 128374000
36 2 111175502
37 2 97450898
38 3 104517400
39 2 89444500
40 2 84552199
41 2 76824300
42 2 70598399
43 2 61689002
44 1 43103700
45 2 95914802
46 2 93403200
47 2 90641600
48 2 72277900
49 4 157197999
50 3 77580700
51 2 66305500
52 2 54507401
53 3 63793502
54 2 46908100
55 1 39611100
56 2 84830400
57 2 83707202
58 2 78558600
59 3 85061601
60 2 72457399
61 2 71776500
62 3 110530600
63 3 111063299
64 3 106759000
65 4 119044698
66 5 158575600
67 4 144678602
68 5 134043700
69 3 123534300
70 4 168248498
71 4 155652898
72 4 155824403
73 4 150433698
74 4 137990299
75 6 158029604
76 5 162271900
77 5 147682498
78 5 176206699
79 8 205072398
80 4 142998000
81 4 137853900
82 4 138581803
83 4 126543998
84 4 116239400
85 3 103842902
86 3 98960299
87 5 149647499
88 4 132343299
89 4 124243799
90 4 112235402
91 3 97533299
92 4 97522703
93 4 87635904
94 3 79625803
95 3 62256798
96 2 58491900
97 4 95455799
98 3 75866502
99 2 63420499
