0 2304 59.432393000000104
1 2529 59.43147910000022
2 2914 59.38107320000019
3 2470 59.33519490000021
4 2669 59.38880510000006
5 2122 59.333897099999916
6 2590 59.40257989999984
7 2322 59.28932500000006
8 3124 59.38684140000013
9 2635 59.282423899999976
10 2942 59.40712290000019
11 2988 59.41050610000002
12 2430 59.40969670000009
13 2580 59.43030890000009
14 2196 59.381265100000135
15 2858 59.383411300000034
16 2455 59.39061300000007
17 2948 59.3627692000001
18 2515 59.412629100000004
19 2684 59.30640500000008
20 2479 59.38078370000025
21 2973 59.427510100000006
22 2987 59.37144700000006
23 2893 59.41442290000001
24 2819 59.40003210000005
25 2553 59.24369649999999
26 2473 59.39540470000009
27 2748 59.37859700000017
28 2865 59.39931099999992
29 2716 59.262415200000156
30 2857 59.39764590000007
31 2623 59.214956700000045
32 2973 59.41486170000023
33 2809 59.36769979999999
34 2879 59.40447420000015
35 2907 59.377220199999975
36 2654 59.34054560000024
37 2860 59.42557100000004
38 2786 59.3666966000002
39 2849 59.38972919999998
40 2669 59.25248089999998
41 2968 59.397912999999996
42 2710 59.27984060000006
43 2831 59.38696450000003
44 2718 59.359554800000126
45 2294 59.3748765999999
46 2751 59.26701880000021
47 1909 59.371451100000215
48 2608 59.371980800000095
49 2106 59.393923500000284
50 2929 59.37837020000002
51 2540 59.373117500000006
52 2832 59.353147800000016
53 2742 59.36636200000004
54 2612 59.289541000000014
55 2714 59.37123799999994
56 2641 59.319845199999925
57 2584 59.37134150000001
58 2716 59.27220090000009
59 2737 59.37263620000006
60 2809 59.3733357000001
61 2457 59.323714599999974
62 2960 59.37608519999998
63 2231 59.23320890000011
64 2775 59.37747059999994
65 2414 59.37804780000016
66 2848 59.331025100000126
67 2507 59.38126870000012
68 2746 59.3780528000001
69 2517 59.37904960000026
70 2884 59.331635999999946
71 2654 59.34152430000007
72 2717 59.33336569999993
73 2665 59.38259259999998
74 2964 59.391633299999995
75 2658 59.39236240000003
76 2481 59.391773400000055
77 2550 59.34238200000017
78 2593 59.37683619999995
79 2868 59.337789200000046
80 2720 59.392316399999956
81 2325 59.33658200000012
82 2333 59.39343870000011
83 2411 58.501135200000114
84 2769 59.39358030000011
85 2699 59.3949173000002
86 2350 59.39362990000001
87 2562 59.13995790000012
88 2481 59.33870920000002
89 2791 59.29135340000017
90 2788 59.338543600000115
91 2128 59.30832320000014
92 2397 59.33853150000004
93 2292 59.339460500000236
94 2836 59.29122110000011
95 2621 59.221275000000134
96 2778 59.34006920000001
97 2920 59.242240900000084
98 2794 59.368032
99 2706 59.34094239999994
100 2640 59.291552600000024
101 2755 59.34031000000006
102 2587 59.34109530000014
103 2839 59.341185600000024
104 2406 59.340591900000064
105 2780 59.382214600000175
106 2561 59.19244140000007
107 2484 59.34207510000004
108 2605 59.19300840000017
109 2394 59.34279930000011
110 2740 59.247920400000105
111 2503 59.392313300000005
112 2964 59.14514459999994
113 2490 59.39382510000004
114 2819 59.279081900000094
115 2735 59.23058690000003
116 2949 59.35004109999998
117 2711 59.25198039999998
118 2652 59.37595400000015
119 2816 59.25357469999997
120 2453 59.394013500000206
121 2601 59.353136299999996
122 2588 59.352972000000214
123 2713 59.35563690000014
124 2589 59.3543327000001
125 2663 59.305600499999905
126 2181 59.33991089999999
127 2728 59.30980999999998
128 1708 59.3570929000001
129 2600 59.30785610000003
130 1899 59.359839500000035
131 3057 59.36026340000005
132 2540 59.21326170000014
133 2804 59.36083040000013
134 2762 59.262001700000056
135 2530 59.31351300000002
136 2548 59.36264420000012
137 2741 59.31344379999997
138 2300 59.31383820000017
139 2279 59.36317070000005
140 2178 59.26366700000007
141 2861 59.340437200000075
142 2522 59.36483760000015
143 2571 59.3194721000001
144 2409 59.363927400000115
145 2747 59.31557790000007
146 2346 59.31964530000008
147 2469 58.97746370000001
148 2459 59.368385599999954
149 2485 59.07172669999998
150 2906 59.36792199999993
151 2333 59.320168600000144
152 2913 59.36746549999993
153 2463 59.34093890000006
154 2913 59.332272999999944
155 2553 59.36794960000014
156 2898 59.320263899999986
157 2609 59.27052130000007
158 2719 59.36812210000003
159 2708 59.27980710000003
160 2824 59.36771290000004
161 2510 59.36802280000016
162 2506 59.32826030000015
163 2365 59.36826689999977
164 2555 59.36777860000025
165 2384 59.3682404
166 2905 59.31869880000007
167 2503 59.368417700000066
168 2889 59.31883230000014
169 2268 59.36837509999991
170 2594 59.36872829999993
171 2145 59.34472170000005
172 2661 59.3684404000001
173 2263 59.368469299999944
174 2826 59.37691360000013
175 2510 59.328856000000144
176 2901 59.36871420000013
177 2678 59.31947110000015
178 2900 59.37710119999997
179 2618 59.27904499999996
180 2716 59.376504400000044
181 2606 59.31973690000002
182 2858 59.32887060000005
183 2928 59.348796200000095
184 2597 59.349804799999916
185 2783 59.37630940000004
186 2431 59.351078999999935
187 2498 59.17919669999996
188 2644 59.37578850000018
189 2781 59.22198369999999
190 2598 59.375950100000175
191 2625 59.12072250000007
192 2530 59.35227730000004
193 2824 59.319318
194 2602 59.37497059999994
195 2699 59.31857700000001
196 2470 59.374866800000156
197 2859 59.319190800000065
198 2754 59.31951590000009
199 2809 59.28094930000014
200 2894 59.31902740000019
201 2737 59.270746000000116
202 3088 59.319334400000166
203 2091 59.319051400000156
204 2354 59.22041490000004
205 2221 59.31930790000001
206 2820 59.23179840000004
207 2616 59.3186536000001
208 2626 59.31962219999995
209 2859 59.31878290000005
210 2653 59.31874100000003
211 2787 59.31858319999994
212 2613 59.31894390000014
213 2918 59.27074920000016
214 2268 59.31917159999994
215 2385 59.318890500000045
216 2340 59.28090610000006
217 2696 59.31898460000025
218 2593 59.319172600000066
219 2531 59.11550000000013
220 2475 59.319168800000064
221 2406 59.03507530000011
222 2758 59.31912250000008
223 2300 59.31923810000018
224 2557 59.33127860000021
225 2377 59.365253900000035
226 2850 59.22228250000005
227 2793 59.366198800000134
228 2775 59.23245889999994
229 2647 59.33149809999998
230 2859 59.27263940000003
231 2836 59.31964750000019
232 2850 59.31991190000018
233 2533 59.319597399999964
234 2491 59.31989710000011
235 2532 59.33150210000007
236 2758 59.32019140000003
237 2743 59.36846150000017
238 2409 59.33217280000008
239 2913 59.26953429999998
240 2944 59.32051610000015
241 2495 59.233765700000085
242 2793 59.31843830000012
243 2418 59.32155869999995
244 2733 59.22481409999998
245 2742 59.321253600000105
246 2790 59.32138650000003
247 2754 59.32168050000011
248 2597 59.33274750000001
249 2687 59.12528420000015
250 2772 59.32261340000003
251 2796 58.94332749999999
252 2778 59.32227410000016
253 2559 59.27915499999992
254 2599 59.36751530000005
255 2320 59.27909789999996
256 2816 59.32813960000008
257 2324 59.2696536
258 2782 59.32771710000004
259 2383 59.279015399999935
260 2756 59.328539899999775
261 2672 59.27918699999996
262 2304 59.328809699999944
263 2523 59.27881329999996
264 2364 59.179251900000004
265 2976 59.37767549999998
266 2825 59.179205199999906
267 3006 59.328202099999956
268 2857 59.130654100000086
269 2699 59.37767000000015
270 2772 59.130597199999954
271 2800 59.377540200000105
272 3105 59.13043529999988
273 2056 59.377476999999956
274 2417 59.279194700000104
275 2008 59.32871500000005
276 2851 59.32866290000016
277 2675 59.33433520000019
278 2460 59.32899109999995
279 2719 59.23041440000004
280 2433 59.329792700000056
281 2795 59.328873399999864
282 2726 59.37608030000001
283 2571 59.32923809999988
284 2948 59.375954700000015
285 1969 59.32903100000008
286 2381 59.33446949999998
287 2094 59.32995009999998
288 2625 59.18577770000002
289 2804 59.328912399999965
290 2294 59.179420500000006
291 2761 59.32971709999999
292 2274 59.33492320000006
293 2857 59.17926650000002
294 2424 59.32917940000004
295 2849 59.134903899999934
296 2557 59.280269100000105
297 2505 59.33039389999999
298 2762 59.230968799999914
299 2646 59.32975150000002
300 2707 59.23075829999988
301 2561 59.32956720000014
302 2837 59.329987799999934
303 2629 59.280380500000156
304 2686 59.32940710000003
305 2776 59.28037000000019
306 2591 59.329617600000226
307 2763 59.28032550000002
308 2783 59.329856499999885
309 2737 59.231456100000095
310 2781 59.33012490000009
311 2905 59.08228400000006
312 2575 59.33007249999996
313 2515 59.3353963
314 2640 59.330432800000146
315 2649 59.3303390000001
316 2558 59.32966690000001
317 2796 59.335206600000085
318 2865 59.131276100000086
319 2599 59.33165440000007
320 2631 59.231250700000054
321 2387 59.28144050000008
322 2773 59.335258799999934
323 2481 59.3358663
324 2737 59.319357600000025
325 2716 59.33109960000016
326 2644 59.33118690000006
327 2757 59.286630599999945
328 2698 59.330981600000015
329 2591 59.23172880000003
330 2989 59.3311698
331 2719 59.231499500000076
332 2767 59.318891800000046
333 2680 59.28111870000003
334 2533 59.33649330000013
335 2739 59.23775610000012
336 2646 59.33114880000001
337 2773 59.13140170000001
338 2543 59.33613350000004
339 2439 59.13115700000001
340 2310 59.331317999999946
341 2388 59.33149720000011
342 2200 59.318983599999974
343 2851 59.281027499999944
344 2517 59.33115050000004
345 2772 59.28083719999999
346 2629 59.330967300000125
347 2560 59.281311600000066
348 2591 59.33087000000005
349 2653 59.2818734
350 2657 59.33087870000002
351 2654 59.319203600000144
352 2655 59.331159500000155
353 2743 59.281594899999874
354 2625 59.331350099999995
355 2989 59.319589200000145
356 2816 59.33114689999985
357 2747 59.33132860000006
358 2635 59.33172160000009
359 2722 59.27224410000011
360 2502 59.31979380000006
361 2770 59.2321141000001
362 2645 59.33169169999997
363 2622 59.33160630000001
364 2589 59.33186420000009
365 2880 59.33143280000008
366 2741 59.33190780000011
367 2808 59.33157510000001
368 2584 59.33164910000009
369 2817 59.18447160000004
370 2674 59.320125300000086
371 2736 59.23298610000013
372 2319 59.32046100000003
373 2543 59.23263520000006
374 2463 59.321055400000034
375 2636 59.273722400000075
376 2838 59.332156800000135
377 2443 59.283219999999986
378 2932 59.3210706999999
379 2311 59.33280050000025
380 2828 59.28288990000002
381 2637 59.33263379999999
382 2511 58.94305060000011
383 1250 59.23000810000005
384 2653 59.23399060000004
385 2663 59.33260769999999
386 2835 59.18418780000013
387 2793 59.32727050000013
388 2881 59.28302080000013
389 2630 59.33292500000012
390 2603 59.184660700000116
391 2711 59.332790399999915
392 2361 59.234017600000115
393 3097 59.332886600000066
394 2470 59.283915900000046
395 2725 59.333152799999965
396 2669 59.234008399999986
397 2145 59.083548600000206
398 2321 59.33389810000014
399 2422 59.134026599999984
400 2580 59.28420820000017
401 2442 59.28121649999998
402 2367 59.28447229999991
403 2393 59.333238200000174
404 2326 59.28443800000011
405 2663 59.33366760000015
406 2405 59.037631400000095
407 2962 59.33387020000001
408 2801 59.333678400000046
409 3123 59.333997500000066
410 2535 59.33407170000006
411 3009 59.33429279999994
412 2266 59.334332900000156
413 2626 59.33457369999995
414 2363 59.32908959999998
415 2817 59.23495129999992
416 2624 59.33450210000002
417 2642 59.28499879999992
418 2494 59.334402700000155
419 2826 59.334371800000035
420 2871 59.285346800000106
421 2593 59.33484449999995
422 2663 59.22001200000002
423 2591 59.33486800000009
424 2594 59.329085300000074
425 2812 59.23052750000008
426 2538 59.33518159999997
427 2701 59.10886719999999
428 2586 59.32935040000004
429 2523 59.23581369999994
430 2702 59.33469699999991
431 2373 59.23096010000005
432 3019 59.335166200000096
433 2415 59.236147600000045
434 2913 59.33470479999997
435 2429 59.33516229999994
436 2675 59.33466510000012
437 2738 59.33517900000009
438 2893 59.33469940000015
439 2753 59.28639129999997
440 2620 59.33491670000005
441 2288 59.236612099999974
442 1818 59.28795769999998
443 2184 59.18704320000009
444 3130 59.335097500000074
445 2410 59.237223600000135
446 2709 59.33519379999999
447 2241 59.18039190000005
448 2325 59.33529900000001
449 2546 59.33560949999995
450 2706 59.335470000000164
451 2971 59.3303032
452 2649 59.28630310000011
453 2873 59.33548629999994
454 2849 59.28613540000007
455 2536 58.94164670000011
456 2809 59.335299899999974
457 2509 59.28129300000001
458 2773 59.33579990000005
459 2391 59.28658619999991
460 2625 59.336319400000015
461 2827 59.28129350000008
462 2904 59.13625059999981
463 2379 59.28684150000008
464 2571 59.33104410000014
465 2487 59.336189500000046
466 2813 59.33120290000011
467 1987 59.28695819999994
468 2424 59.33583530000003
469 2309 59.131850900000124
470 1272 59.286903000000045
471 2291 59.085632900000114
472 2448 59.33545249999999
473 2783 59.33185250000014
474 2556 59.33144289999994
475 1270 59.23578589999994
476 2334 59.18344499999995
477 2624 59.33182079999996
478 3063 59.084286900000095
479 2159 59.33185010000002
480 2447 59.03629120000011
481 2331 59.332142199999836
482 2817 59.23399560000013
483 1189 59.28493140000002
484 2314 59.23533860000007
485 2644 59.13213000000021
486 2849 59.33222120000007
487 2616 59.34017819999999
488 2863 59.283073399999964
489 2915 59.339777100000006
490 2767 59.235206200000036
491 1314 59.28482750000004
492 2394 59.33965730000011
493 2557 59.331544400000006
494 1468 59.1868067
495 1540 59.284525800000075
496 2724 59.33904849999994
497 2661 59.2840040000002
498 2679 59.340119400000106
499 1100 59.283721100000044
500 2468 59.186012800000164
501 2579 59.33988159999999
502 2247 59.18652570000007
503 1991 59.28108479999999
504 2105 59.2837121000001
505 3087 59.33960839999987
506 2494 59.185142899999946
507 1590 59.27933100000002
508 2699 59.184262900000014
509 2813 59.28204919999993
510 2783 59.13196309999999
511 2580 59.28156120000018
512 2846 59.18384100000003
513 2580 59.281086000000066
514 1253 59.12852049999999
515 1365 59.22634090000001
516 2205 58.94098019999996
517 1453 59.2267226999999
518 2450 59.08526240000011
519 2649 59.333759799999875
520 2370 59.1843343
521 1663 59.22628020000015
522 2597 59.28395500000002
523 2309 59.281402599999964
524 2520 59.28097000000005
525 2135 59.134172199999995
526 2951 59.333669699999966
527 2371 59.07637559999995
528 2906 59.282322999999806
529 2544 59.28238580000001
530 2589 59.18657059999998
531 2283 59.28362530000007
532 2947 59.13552160000001
533 2275 59.283446299999916
534 2934 59.08636090000022
535 1105 59.222266700000006
536 2616 59.09109260000007
537 2386 59.23988730000002
538 1240 59.023889900000064
539 2529 59.24051229999999
540 2265 59.28899519999997
541 1289 59.22188370000002
542 2178 59.33474489999998
543 1205 59.16154550000008
544 1242 59.20725130000015
545 2722 59.28717630000013
546 2422 59.33491949999999
547 1449 59.19452930000003
548 1246 58.898810499999975
549 1677 59.19345770000007
550 1440 58.90098589999998
551 1059 59.28798970000001
552 1262 59.28787199999997
553 2467 59.28744579999996
554 1274 59.28766840000008
555 1378 59.28753059999996
556 1145 58.946225500000025
557 1312 59.287876599999954
558 1112 58.94620790000008
559 1334 59.287651600000075
560 1855 59.287844900000046
561 1388 59.18907899999993
562 1244 59.28729930000007
563 2133 59.0882706
564 2216 59.33417970000015
565 992 59.13799079999994
566 1243 59.19460400000003
567 1283 59.188548999999995
568 1220 59.28835330000016
569 1367 59.288165699999894
570 2303 59.19485390000013
571 1894 59.28767910000014
572 1202 59.03924939999991
573 1323 59.288109900000016
574 2295 58.99136770000019
575 1685 59.28743140000008
576 1169 59.18824230000003
577 2487 59.287133399999995
578 1166 59.18781499999988
579 1211 59.28739930000003
580 1970 59.08749039999997
581 1229 59.19452279999994
582 1199 58.798115999999936
583 1339 59.28679539999996
584 2307 59.28722110000007
585 2582 59.23706380000011
586 2195 59.336759399999956
587 1263 59.23709149999995
588 2186 59.3354954000001
589 2095 59.28698280000012
590 1260 59.28691430000009
591 1895 59.28665569999993
592 1135 59.087741999999984
593 1224 59.13770390000003
594 1199 59.237336600000006
595 1199 59.28682260000003
596 1314 59.23744179999995
597 2028 59.28671110000023
598 1469 59.137367199999986
599 1158 59.28663669999996
600 1386 59.13702389999999
601 1926 59.286632800000035
602 1333 59.28684789999999
603 1234 59.286344200000016
604 1966 59.28680130000004
605 1341 59.08736640000005
606 2215 59.286370200000135
607 2001 59.08700670000008
608 1111 59.28665559999999
609 2115 59.23738220000004
610 1732 59.286566300000054
611 1515 59.28660040000007
612 1903 59.286375100000086
613 2753 59.28650180000012
614 2557 59.18725910000013
615 1903 59.287009400000066
616 1998 59.28660880000002
617 2576 59.2862408
618 1187 59.285492799999986
619 1346 59.286905299999994
620 1186 59.2865111
621 1195 58.94490309999994
622 1340 59.28633450000007
623 2132 59.28561990000002
624 2010 59.28608130000005
625 1260 59.28716720000003
626 1128 59.23713920000005
627 2101 59.28571920000011
628 1102 59.187316599999924
629 1427 59.28665159999998
630 1059 59.13699989999998
631 1347 59.28523490000011
632 1623 59.23715880000012
633 1290 59.18750030000007
634 1485 59.28578030000008
635 2176 59.18635770000012
636 1973 59.28746060000002
637 1296 59.28664090000007
638 1480 59.28597960000007
639 2438 59.285570999999955
640 1936 59.286859000000135
641 1483 59.28670659999999
642 2210 59.2367188
643 2509 59.28574410000009
644 1756 59.2368638000001
645 1378 59.28595900000004
646 1279 59.18593100000007
647 2268 59.13649719999991
648 1372 59.28626260000003
649 1204 59.08724769999999
650 1097 59.285365199999994
651 1302 58.989419899999994
652 1168 59.28644279999993
653 1314 59.23674330000002
654 1862 59.23594290000008
655 1223 59.28510240000003
656 1341 59.186398399999995
657 1071 59.28592799999996
658 1203 59.1858796
659 1242 59.28572880000004
660 2001 59.085766800000144
661 1096 59.28582589999995
662 1275 59.285258099999986
663 1147 59.284669199999996
664 1300 59.28574150000004
665 1223 59.285301200000085
666 1276 59.23601500000006
667 1951 59.23600740000004
668 2569 59.28462889999991
669 2438 59.28256510000015
670 1671 59.28478829999985
671 1246 59.28526170000009
672 2202 59.28487610000007
673 2518 59.2822432000001
674 1038 59.285410500000026
675 1308 59.235947699999954
676 1543 59.285279499999994
677 2296 59.23593669999999
678 1929 59.28500790000003
679 1694 59.284944600000046
680 2177 59.33232790000008
681 1403 59.285219800000036
682 1997 59.28497099999994
683 1405 58.89628930000009
684 1168 59.28464320000002
685 1372 59.284791800000065
686 1537 59.186347200000085
687 1248 59.28488880000002
688 1586 59.23572160000009
689 1683 59.28461940000008
690 2145 59.236228400000094
691 2427 59.03652420000012
692 1316 59.28485149999994
693 2337 59.03837880000005
694 1514 59.28556640000016
695 1229 59.284606499999974
696 1211 59.28482380000006
697 2067 59.084850999999986
698 1253 59.28412260000006
699 2109 59.037174800000024
700 2743 59.339546200000036
701 1254 58.896052100000006
702 1188 59.2848176
703 1195 58.84757109999996
704 1265 59.28481839999994
705 1190 59.13736020000001
706 1348 59.28434639999995
707 2232 59.2841792000001
708 2751 59.28440039999991
709 997 59.284963000000026
710 1576 59.13623939999994
711 1191 59.28427040000003
712 1896 59.186654300000015
713 2219 59.28461279999998
714 1268 59.234876400000026
715 1076 59.28448340000008
716 1948 59.23497899999997
717 1033 59.28418050000012
718 2393 59.28310790000005
719 1157 59.28358829999997
720 1365 59.284909899999924
721 2425 59.340394600000096
722 1312 59.283730000000034
723 1705 59.28341460000004
724 1166 58.98579960000009
725 2151 59.34008430000001
726 1352 58.98736719999997
727 1943 59.28221090000019
728 2045 59.28319810000007
729 1360 59.13523859999991
730 1112 59.28125069999998
731 1198 59.133151700000106
732 1192 59.232191899999954
733 1085 59.28192240000011
734 1340 59.280731700000004
735 1312 59.03406029999999
736 1555 59.28157659999996
737 2264 59.18293630000004
738 2049 59.280770999999966
739 1247 59.28095630000006
740 2619 59.33963710000014
741 1297 59.281409800000034
742 1197 59.28050910000005
743 1198 59.230756900000046
744 1171 59.13326230000001
745 1315 59.28138240000006
746 1214 59.28051289999996
747 2498 59.27992750000014
748 1204 59.182866900000036
749 1443 59.28088790000006
750 1304 59.18348500000002
751 1174 59.13204940000001
752 1256 59.28066839999994
753 1231 59.13236120000008
754 1272 59.2298754
755 1969 58.93666780000009
756 1449 59.28050080000005
757 2219 59.23048489999987
758 2313 59.27874990000002
759 1291 59.286858199999934
760 1148 59.23048240000007
761 1242 59.28833920000007
762 1114 59.287024700000025
763 1871 59.287050399999934
764 2248 59.282863100000036
765 1771 59.279455100000064
766 1139 59.230737800000085
767 1175 59.2874942
768 2491 59.235218399999994
769 2055 59.279143799999964
770 1789 59.286864899999905
771 2035 58.93749669999999
772 1605 59.28655439999992
773 1160 59.07969370000006
774 1399 59.28712400000008
775 1750 59.28635060000006
776 2521 59.286837500000004
777 2066 59.28717179999997
778 1377 59.22998570000011
779 1548 59.28654879999997
780 1217 59.28731309999999
781 2131 59.131681000000036
782 2227 59.28650770000018
783 1275 59.181828699999905
784 1220 59.286861300000034
785 1186 59.286748800000005
786 1237 59.2860792
787 1296 59.28618449999996
788 2134 58.842747199999906
789 1333 59.287122500000045
790 2267 59.28619979999996
791 2351 59.28611430000002
792 1307 59.230743500000074
793 1265 59.28703559999992
794 1404 59.18147499999993
795 1244 59.28634840000008
796 1267 59.28695540000008
797 1746 59.18206359999991
798 1411 58.98433420000007
799 1194 59.22930430000005
800 1393 59.28706970000001
801 1671 59.28661280000006
802 2045 59.28574300000017
803 1048 59.22935730000002
804 1286 59.18138420000009
805 1159 59.285895300000035
806 1212 59.18081019999998
807 1168 59.285165700000015
808 1339 59.130798900000045
809 1677 59.28548090000003
810 2279 59.127719800000015
811 1019 59.28264550000001
812 1314 59.13062910000003
813 1324 59.283751399999986
814 1936 59.12874780000001
815 2261 59.12894040000007
816 1203 59.28352480000001
817 1177 59.12838620000002
818 1249 59.2263542
819 1273 59.28276939999989
820 1153 59.22651340000006
821 1248 58.98141250000003
822 1486 59.28220670000005
823 1897 59.28226580000004
824 1403 59.28238209999996
825 2185 59.083516199999984
826 1282 59.281990400000026
827 1305 59.128363099999945
828 2578 59.13232140000007
829 1185 59.22619219999994
830 1243 59.07687859999996
831 2568 59.23423700000012
832 2663 59.22590790000011
833 1248 58.98153149999995
834 1361 59.22649180000004
835 2297 59.08411760000011
836 1225 59.22580059999995
837 1255 59.12821780000004
838 1108 59.22614749999999
839 2203 59.076440899999966
840 1973 59.07638140000013
841 1458 59.22650389999999
842 1476 58.642999400000086
843 1262 59.22563219999993
844 1267 59.127974100000024
845 2516 59.28218640000009
846 2380 59.127737199999906
847 1342 59.22513359999999
848 2379 59.224949799999976
849 2432 59.07407800000007
850 1244 59.22358850000006
851 1154 59.12535130000005
852 1286 59.22342600000003
853 1349 59.1254778000001
854 1212 59.22250699999995
855 1703 59.17455030000003
856 1242 59.222186799999996
857 2314 59.19151329999997
858 1524 59.222280100000084
859 2151 59.19139530000013
860 1752 59.221800200000125
861 1145 59.12467030000001
862 1775 59.2160177000002
863 1054 59.122968700000065
864 2544 59.2887638
865 2246 59.28910859999994
866 1378 59.21629670000004
867 2346 59.288320300000095
868 1436 59.21883449999997
869 1215 59.21635179999995
870 1673 59.20731549999995
871 1297 59.208169600000076
872 2514 59.1393477
873 1537 59.21434770000002
874 1078 59.05964620000006
875 1370 59.20823360000006
876 2120 59.16146500000004
877 2103 59.20839019999989
878 1140 59.01009100000007
879 1335 59.20717129999998
880 1144 59.060785500000044
881 1597 58.867383000000146
882 1293 59.20508039999998
883 1870 58.81857170000002
884 1333 59.20705719999998
885 1208 59.11047460000015
886 2614 59.237785400000085
887 1367 59.204858200000125
888 1805 59.05764980000017
889 2038 59.20499800000002
890 1318 58.80782860000003
891 1101 59.20489200000008
892 2617 58.718044300000045
893 1330 59.20520639999999
894 1313 58.67038959999998
895 1873 59.20507730000004
896 1222 59.10919310000004
897 2175 59.15787830000004
898 1319 59.20516339999997
899 1453 59.109532400000035
900 2159 58.95994400000011
901 1259 59.20565589999998
902 1350 58.900478800000144
903 1076 59.192983399999996
904 1780 59.057500700000084
905 1203 59.205151500000106
906 2217 59.09821570000006
907 1955 59.19435499999998
908 2306 59.21028660000006
909 1747 58.90061500000005
910 1352 59.194134299999995
911 2079 58.85394210000017
912 1534 59.192750900000036
913 2241 58.84902230000007
914 1413 59.194192799999925
915 1773 58.75699330000009
916 1527 59.19348870000008
917 1185 59.19267709999992
918 1400 59.04609579999996
919 1152 59.19628559999997
920 1703 59.045678900000176
921 1138 59.192678500000056
922 2004 59.04602050000001
923 1554 59.194098400000016
924 1169 59.19346629999999
925 1919 58.9962313
926 1520 59.287974000000105
927 1671 58.99643640000007
928 1182 59.19363470000006
929 1367 59.23880419999999
930 1025 59.14600710000005
931 1463 59.194279199999954
932 1746 59.14655709999996
933 2381 58.80665200000005
934 1171 59.19414930000001
935 1264 59.194302700000016
936 2108 59.19344739999994
937 1439 59.19353319999993
938 1979 59.19409889999995
939 2492 59.194473599999995
940 2338 59.19376040000016
941 2589 59.097956800000006
942 1164 59.1949958
943 1277 59.09772670000001
944 1119 59.19353279999996
945 2092 59.097528099999934
946 1527 59.194001999999955
947 1671 59.14601630000003
948 1239 59.19411680000005
949 1468 59.19369270000001
950 1141 59.14611230000002
951 1275 58.7068887999999
952 1317 59.1939729
953 1234 58.99680989999997
954 1936 59.09741740000019
955 1238 59.19423160000004
956 2066 59.14609440000001
957 1180 59.288555999999986
958 1474 59.19426509999994
959 2163 59.194612200000094
960 1308 58.997046099999885
961 1273 59.2883294
962 1852 58.99772060000024
963 1791 59.19459210000005
964 2079 59.09805579999999
965 1939 59.19437310000017
966 1230 59.04685930000003
967 2126 59.19469370000006
968 1223 59.14659949999995
969 1713 59.14658690000007
970 1494 59.19456869999996
971 1386 59.09810050000004
972 1155 59.19435699999999
973 1195 59.09825480000009
974 1267 59.19486930000003
975 1267 59.097993
976 1251 59.19424490000009
977 1696 58.99687790000002
978 1565 59.14660039999988
979 1274 59.195013799999984
980 1203 59.14681020000001
981 1256 58.99755800000008
982 1303 59.19508540000008
983 1884 59.19564450000012
984 1667 59.14696380000003
985 1370 59.19427779999999
986 1122 59.14687289999999
987 1363 59.237817199999995
988 1070 59.09850510000001
989 1291 59.19420710000001
990 1655 59.09786180000008
991 1242 59.09794490000004
992 1259 59.19458660000004
993 1301 58.757898900000036
994 1991 59.146690100000065
995 2000 59.19522650000016
996 2414 58.85425090000007
997 1318 59.194642499999944
998 1188 58.94897030000005
999 1855 59.19523210000002
