0 27203 59.65350480000021
1 26561 59.65719020000059
2 26978 59.6564317000004
3 26979 59.655950200000476
4 27049 59.65210970000049
5 27582 59.65728290000051
6 26761 59.660015400000766
7 26804 59.65268650000028
8 26741 59.65199550000051
9 27384 59.655493000000874
10 26781 59.65350320000063
11 26386 59.65850570000054
12 27057 59.65107180000039
13 27758 59.65347919999992
14 27765 59.65810089999997
15 27352 59.65478070000065
16 28681 59.65522030000005
17 28369 59.64960380000047
18 27210 59.64722700000028
19 26349 59.652936000000615
20 27420 59.657827300000726
21 28241 59.649605600000385
22 27173 59.65350720000092
23 27451 59.6519993
24 26824 59.64206680000055
25 27963 59.65408980000063
26 27256 59.65553260000068
27 28121 59.65460170000071
28 27217 59.6518681000003
29 26821 59.6514097000005
30 26329 59.65583130000066
31 26073 59.65206130000065
32 28331 59.6539679000004
33 27955 59.614948000000226
34 28055 59.64416780000064
35 26525 59.64687730000084
36 27640 59.65296470000034
37 26148 59.64995300000063
38 27120 59.65248320000059
39 27040 59.65217140000068
40 28687 59.64460140000067
41 27493 59.647541300000576
42 27318 59.65486930000045
43 26650 59.65132910000071
44 26818 59.64820630000033
45 27817 59.64580460000093
46 27859 59.63536840000087
47 27527 59.63699140000047
48 26301 59.63330350000043
49 27305 59.636371900000654
50 27574 59.637673300000536
51 28086 59.63451670000073
52 26312 59.63987330000043
53 26985 59.63291420000063
54 27599 59.63383980000026
55 27216 59.63636720000063
56 27509 59.62325670000035
57 26326 59.62595350000115
58 27607 59.62450190000052
59 27726 59.628892600000455
60 26756 59.62897730000119
61 27032 59.62681000000026
62 28388 59.629568500000914
63 28279 59.63114760000079
64 27587 59.636079199999905
65 27245 59.63525430000054
66 27928 59.62978380000041
67 28167 59.636742100000674
68 26688 59.634903000000335
69 26485 59.635070900000066
70 26954 59.633097200000684
71 27185 59.63660270000028
72 27810 59.6319944000004
73 27726 59.634458900000354
74 26831 59.634627900000595
75 27224 59.623255800000734
76 25386 59.63176400000046
77 27061 59.634323300000574
78 27911 59.63479580000046
79 26761 59.63542740000065
80 26161 59.63437450000035
81 27139 59.63437690000072
82 27840 59.63157940000043
83 26963 59.63403520000062
84 27632 59.632197100000546
85 27676 59.62799020000048
86 27716 59.633718700000685
87 27252 59.62437620000057
88 27093 59.63285670000035
89 27727 59.631295700000855
90 27688 59.62827990000039
91 27507 59.63260190000085
92 26897 59.63347480000094
93 26943 59.63066140000031
94 28235 59.63484540000038
95 27382 59.63444980000016
96 26863 59.633297100000526
97 27814 59.63277380000049
98 27933 59.631404000000785
99 27569 59.626887000000515
